37.4219920 0 0 -122.0830404 0 0
37.4219954 0 0 -122.0830404 0 0
37.4219988 0 0 -122.0830404 0 0
37.4220022 0 0 -122.0830404 0 0
37.4220056 0 0 -122.0830404 0 0
37.4220090 0 0 -122.0830404 0 0
37.4220124 0 0 -122.0830405 0 0
37.4220157 0 0 -122.0830406 0 0
37.4220191 0 0 -122.0830407 0 0
37.4220225 0 0 -122.0830408 0 0
37.4220259 0 0 -122.0830409 0 0
37.4220293 0 0 -122.0830410 0 0
37.4220327 0 0 -122.0830412 0 0
37.4220361 0 0 -122.0830414 0 0
37.4220395 0 0 -122.0830416 0 0
37.4220429 0 0 -122.0830418 0 0
37.4220463 0 0 -122.0830420 0 0
37.4220497 0 0 -122.0830423 0 0
37.4220531 0 0 -122.0830426 0 0
37.4220565 0 0 -122.0830429 0 0
37.4220599 0 0 -122.0830432 0 0
37.4220633 0 0 -122.0830435 0 0
37.4220666 0 0 -122.0830438 0 0
37.4220700 0 0 -122.0830442 0 0
37.4220734 0 0 -122.0830446 0 0
37.4220768 0 0 -122.0830450 0 0
37.4220802 0 0 -122.0830454 0 0
37.4220836 0 0 -122.0830458 0 0
37.4220869 0 0 -122.0830463 0 0
37.4220903 0 0 -122.0830467 0 0
37.4220937 0 0 -122.0830472 0 0
37.4220971 0 0 -122.0830477 0 0
37.4221004 0 0 -122.0830482 0 0
37.4221038 0 0 -122.0830488 0 0
37.4221072 0 0 -122.0830493 0 0
37.4221105 0 0 -122.0830499 0 0
37.4221139 0 0 -122.0830505 0 0
37.4221173 0 0 -122.0830511 0 0
37.4221206 0 0 -122.0830517 0 0
37.4221240 0 0 -122.0830524 0 0
37.4221273 0 0 -122.0830530 0 0
37.4221307 0 0 -122.0830537 0 0
37.4221341 0 0 -122.0830544 0 0
37.4221374 0 0 -122.0830551 0 0
37.4221408 0 0 -122.0830558 0 0
37.4221441 0 0 -122.0830566 0 0
37.4221474 0 0 -122.0830574 0 0
37.4221508 0 0 -122.0830581 0 0
37.4221541 0 0 -122.0830589 0 0
37.4221575 0 0 -122.0830598 0 0
37.4221608 0 0 -122.0830606 0 0
37.4221641 0 0 -122.0830614 0 0
37.4221674 0 0 -122.0830623 0 0
37.4221708 0 0 -122.0830632 0 0
37.4221741 0 0 -122.0830641 0 0
37.4221774 0 0 -122.0830650 0 0
37.4221807 0 0 -122.0830660 0 0
37.4221840 0 0 -122.0830669 0 0
37.4221873 0 0 -122.0830679 0 0
37.4221906 0 0 -122.0830689 0 0
37.4221939 0 0 -122.0830699 0 0
37.4221972 0 0 -122.0830709 0 0
37.4222005 0 0 -122.0830720 0 0
37.4222038 0 0 -122.0830731 0 0
37.4222071 0 0 -122.0830741 0 0
37.4222104 0 0 -122.0830752 0 0
37.4222137 0 0 -122.0830763 0 0
37.4222169 0 0 -122.0830775 0 0
37.4222202 0 0 -122.0830786 0 0
37.4222235 0 0 -122.0830798 0 0
37.4222267 0 0 -122.0830810 0 0
37.4222300 0 0 -122.0830822 0 0
37.4222333 0 0 -122.0830834 0 0
37.4222365 0 0 -122.0830846 0 0
37.4222398 0 0 -122.0830859 0 0
37.4222430 0 0 -122.0830871 0 0
37.4222462 0 0 -122.0830884 0 0
37.4222495 0 0 -122.0830897 0 0
37.4222527 0 0 -122.0830911 0 0
37.4222559 0 0 -122.0830924 0 0
37.4222592 0 0 -122.0830937 0 0
37.4222624 0 0 -122.0830951 0 0
37.4222656 0 0 -122.0830965 0 0
37.4222688 0 0 -122.0830979 0 0
37.4222720 0 0 -122.0830993 0 0
37.4222752 0 0 -122.0831008 0 0
37.4222784 0 0 -122.0831022 0 0
37.4222816 0 0 -122.0831037 0 0
37.4222848 0 0 -122.0831052 0 0
37.4222879 0 0 -122.0831067 0 0
37.4222911 0 0 -122.0831082 0 0
37.4222943 0 0 -122.0831097 0 0
37.4222975 0 0 -122.0831113 0 0
37.4223006 0 0 -122.0831129 0 0
37.4223038 0 0 -122.0831145 0 0
37.4223069 0 0 -122.0831161 0 0
37.4223101 0 0 -122.0831177 0 0
37.4223132 0 0 -122.0831193 0 0
37.4223163 0 0 -122.0831210 0 0
37.4223194 0 0 -122.0831226 0 0
37.4223226 0 0 -122.0831243 0 0
37.4223257 0 0 -122.0831260 0 0
37.4223288 0 0 -122.0831277 0 0
37.4223319 0 0 -122.0831295 0 0
37.4223350 0 0 -122.0831312 0 0
37.4223381 0 0 -122.0831330 0 0
37.4223412 0 0 -122.0831348 0 0
37.4223442 0 0 -122.0831366 0 0
37.4223473 0 0 -122.0831384 0 0
37.4223504 0 0 -122.0831402 0 0
37.4223534 0 0 -122.0831421 0 0
37.4223565 0 0 -122.0831440 0 0
37.4223596 0 0 -122.0831458 0 0
37.4223626 0 0 -122.0831477 0 0
37.4223656 0 0 -122.0831496 0 0
37.4223687 0 0 -122.0831516 0 0
37.4223717 0 0 -122.0831535 0 0
37.4223747 0 0 -122.0831555 0 0
37.4223777 0 0 -122.0831575 0 0
37.4223807 0 0 -122.0831595 0 0
37.4223837 0 0 -122.0831615 0 0
37.4223867 0 0 -122.0831635 0 0
37.4223897 0 0 -122.0831655 0 0
37.4223927 0 0 -122.0831676 0 0
37.4223956 0 0 -122.0831696 0 0
37.4223986 0 0 -122.0831717 0 0
37.4224015 0 0 -122.0831738 0 0
37.4224045 0 0 -122.0831760 0 0
37.4224074 0 0 -122.0831781 0 0
37.4224104 0 0 -122.0831802 0 0
37.4224133 0 0 -122.0831824 0 0
37.4224162 0 0 -122.0831846 0 0
37.4224191 0 0 -122.0831868 0 0
37.4224220 0 0 -122.0831890 0 0
37.4224249 0 0 -122.0831912 0 0
37.4224278 0 0 -122.0831934 0 0
37.4224307 0 0 -122.0831957 0 0
37.4224336 0 0 -122.0831980 0 0
37.4224364 0 0 -122.0832003 0 0
37.4224393 0 0 -122.0832026 0 0
37.4224422 0 0 -122.0832049 0 0
37.4224450 0 0 -122.0832072 0 0
37.4224478 0 0 -122.0832096 0 0
37.4224507 0 0 -122.0832119 0 0
37.4224535 0 0 -122.0832143 0 0
37.4224563 0 0 -122.0832167 0 0
37.4224591 0 0 -122.0832191 0 0
37.4224619 0 0 -122.0832215 0 0
37.4224647 0 0 -122.0832239 0 0
37.4224675 0 0 -122.0832264 0 0
37.4224702 0 0 -122.0832288 0 0
37.4224730 0 0 -122.0832313 0 0
37.4224758 0 0 -122.0832338 0 0
37.4224785 0 0 -122.0832363 0 0
37.4224813 0 0 -122.0832388 0 0
37.4224840 0 0 -122.0832414 0 0
37.4224867 0 0 -122.0832439 0 0
37.4224894 0 0 -122.0832465 0 0
37.4224921 0 0 -122.0832491 0 0
37.4224948 0 0 -122.0832517 0 0
37.4224975 0 0 -122.0832543 0 0
37.4225002 0 0 -122.0832569 0 0
37.4225029 0 0 -122.0832595 0 0
37.4225055 0 0 -122.0832622 0 0
37.4225082 0 0 -122.0832648 0 0
37.4225108 0 0 -122.0832675 0 0
37.4225134 0 0 -122.0832702 0 0
37.4225161 0 0 -122.0832729 0 0
37.4225187 0 0 -122.0832756 0 0
37.4225213 0 0 -122.0832784 0 0
37.4225239 0 0 -122.0832811 0 0
37.4225265 0 0 -122.0832839 0 0
37.4225291 0 0 -122.0832866 0 0
37.4225316 0 0 -122.0832894 0 0
37.4225342 0 0 -122.0832922 0 0
37.4225367 0 0 -122.0832950 0 0
37.4225393 0 0 -122.0832979 0 0
37.4225418 0 0 -122.0833007 0 0
37.4225443 0 0 -122.0833036 0 0
37.4225469 0 0 -122.0833064 0 0
37.4225494 0 0 -122.0833093 0 0
37.4225519 0 0 -122.0833122 0 0
37.4225543 0 0 -122.0833151 0 0
37.4225568 0 0 -122.0833180 0 0
37.4225593 0 0 -122.0833209 0 0
37.4225617 0 0 -122.0833239 0 0
37.4225642 0 0 -122.0833269 0 0
37.4225666 0 0 -122.0833298 0 0
37.4225690 0 0 -122.0833328 0 0
37.4225715 0 0 -122.0833358 0 0
37.4225739 0 0 -122.0833388 0 0
37.4225763 0 0 -122.0833418 0 0
37.4225787 0 0 -122.0833449 0 0
37.4225810 0 0 -122.0833479 0 0
37.4225834 0 0 -122.0833510 0 0
37.4225857 0 0 -122.0833540 0 0
37.4225881 0 0 -122.0833571 0 0
37.4225904 0 0 -122.0833602 0 0
37.4225927 0 0 -122.0833633 0 0
37.4225951 0 0 -122.0833664 0 0
37.4225974 0 0 -122.0833696 0 0
37.4225997 0 0 -122.0833727 0 0
37.4226019 0 0 -122.0833759 0 0
37.4226042 0 0 -122.0833790 0 0
37.4226065 0 0 -122.0833822 0 0
37.4226087 0 0 -122.0833854 0 0
37.4226110 0 0 -122.0833886 0 0
37.4226132 0 0 -122.0833918 0 0
37.4226154 0 0 -122.0833951 0 0
37.4226176 0 0 -122.0833983 0 0
37.4226198 0 0 -122.0834016 0 0
37.4226220 0 0 -122.0834048 0 0
37.4226242 0 0 -122.0834081 0 0
37.4226263 0 0 -122.0834114 0 0
37.4226285 0 0 -122.0834147 0 0
37.4226306 0 0 -122.0834180 0 0
37.4226328 0 0 -122.0834213 0 0
37.4226349 0 0 -122.0834246 0 0
37.4226370 0 0 -122.0834280 0 0
37.4226391 0 0 -122.0834313 0 0
37.4226412 0 0 -122.0834347 0 0
37.4226433 0 0 -122.0834381 0 0
37.4226453 0 0 -122.0834414 0 0
37.4226474 0 0 -122.0834448 0 0
37.4226494 0 0 -122.0834482 0 0
37.4226514 0 0 -122.0834517 0 0
37.4226535 0 0 -122.0834551 0 0
37.4226555 0 0 -122.0834585 0 0
37.4226575 0 0 -122.0834620 0 0
37.4226594 0 0 -122.0834654 0 0
37.4226614 0 0 -122.0834689 0 0
37.4226634 0 0 -122.0834724 0 0
37.4226653 0 0 -122.0834759 0 0
37.4226673 0 0 -122.0834794 0 0
37.4226692 0 0 -122.0834829 0 0
37.4226711 0 0 -122.0834864 0 0
37.4226730 0 0 -122.0834899 0 0
37.4226749 0 0 -122.0834935 0 0
37.4226768 0 0 -122.0834970 0 0
37.4226786 0 0 -122.0835006 0 0
37.4226805 0 0 -122.0835042 0 0
37.4226823 0 0 -122.0835077 0 0
37.4226842 0 0 -122.0835113 0 0
37.4226860 0 0 -122.0835149 0 0
37.4226878 0 0 -122.0835185 0 0
37.4226896 0 0 -122.0835221 0 0
37.4226914 0 0 -122.0835258 0 0
37.4226931 0 0 -122.0835294 0 0
37.4226949 0 0 -122.0835331 0 0
37.4226966 0 0 -122.0835367 0 0
37.4226984 0 0 -122.0835404 0 0
37.4227001 0 0 -122.0835440 0 0
37.4227018 0 0 -122.0835477 0 0
37.4227035 0 0 -122.0835514 0 0
37.4227052 0 0 -122.0835551 0 0
37.4227069 0 0 -122.0835588 0 0
37.4227085 0 0 -122.0835625 0 0
37.4227102 0 0 -122.0835663 0 0
37.4227118 0 0 -122.0835700 0 0
37.4227134 0 0 -122.0835738 0 0
37.4227150 0 0 -122.0835775 0 0
37.4227166 0 0 -122.0835813 0 0
37.4227182 0 0 -122.0835850 0 0
37.4227198 0 0 -122.0835888 0 0
37.4227213 0 0 -122.0835926 0 0
37.4227229 0 0 -122.0835964 0 0
37.4227244 0 0 -122.0836002 0 0
37.4227259 0 0 -122.0836040 0 0
37.4227275 0 0 -122.0836078 0 0
37.4227289 0 0 -122.0836116 0 0
37.4227304 0 0 -122.0836155 0 0
37.4227319 0 0 -122.0836193 0 0
37.4227334 0 0 -122.0836232 0 0
37.4227348 0 0 -122.0836270 0 0
37.4227362 0 0 -122.0836309 0 0
37.4227377 0 0 -122.0836348 0 0
37.4227391 0 0 -122.0836386 0 0
37.4227405 0 0 -122.0836425 0 0
37.4227418 0 0 -122.0836464 0 0
37.4227432 0 0 -122.0836503 0 0
37.4227446 0 0 -122.0836542 0 0
37.4227459 0 0 -122.0836581 0 0
37.4227472 0 0 -122.0836621 0 0
37.4227485 0 0 -122.0836660 0 0
37.4227498 0 0 -122.0836699 0 0
37.4227511 0 0 -122.0836739 0 0
37.4227524 0 0 -122.0836778 0 0
37.4227537 0 0 -122.0836818 0 0
37.4227549 0 0 -122.0836857 0 0
37.4227561 0 0 -122.0836897 0 0
37.4227574 0 0 -122.0836937 0 0
37.4227586 0 0 -122.0836977 0 0
37.4227598 0 0 -122.0837016 0 0
37.4227610 0 0 -122.0837056 0 0
37.4227621 0 0 -122.0837096 0 0
37.4227633 0 0 -122.0837136 0 0
37.4227644 0 0 -122.0837177 0 0
37.4227655 0 0 -122.0837217 0 0
37.4227667 0 0 -122.0837257 0 0
37.4227678 0 0 -122.0837297 0 0
37.4227689 0 0 -122.0837338 0 0
37.4227699 0 0 -122.0837378 0 0
37.4227710 0 0 -122.0837419 0 0
37.4227720 0 0 -122.0837459 0 0
37.4227731 0 0 -122.0837500 0 0
37.4227741 0 0 -122.0837540 0 0
37.4227751 0 0 -122.0837581 0 0
37.4227761 0 0 -122.0837622 0 0
37.4227771 0 0 -122.0837663 0 0
37.4227780 0 0 -122.0837703 0 0
37.4227790 0 0 -122.0837744 0 0
37.4227799 0 0 -122.0837785 0 0
37.4227809 0 0 -122.0837826 0 0
37.4227818 0 0 -122.0837867 0 0
37.4227827 0 0 -122.0837908 0 0
37.4227835 0 0 -122.0837950 0 0
37.4227844 0 0 -122.0837991 0 0
37.4227853 0 0 -122.0838032 0 0
37.4227861 0 0 -122.0838073 0 0
37.4227869 0 0 -122.0838115 0 0
37.4227878 0 0 -122.0838156 0 0
37.4227886 0 0 -122.0838197 0 0
37.4227893 0 0 -122.0838239 0 0
37.4227901 0 0 -122.0838280 0 0
37.4227909 0 0 -122.0838322 0 0
37.4227916 0 0 -122.0838363 0 0
37.4227924 0 0 -122.0838405 0 0
37.4227931 0 0 -122.0838447 0 0
37.4227938 0 0 -122.0838488 0 0
37.4227945 0 0 -122.0838530 0 0
37.4227951 0 0 -122.0838572 0 0
37.4227958 0 0 -122.0838613 0 0
37.4227965 0 0 -122.0838655 0 0
37.4227971 0 0 -122.0838697 0 0
37.4227977 0 0 -122.0838739 0 0
37.4227983 0 0 -122.0838781 0 0
37.4227989 0 0 -122.0838823 0 0
37.4227995 0 0 -122.0838865 0 0
37.4228000 0 0 -122.0838907 0 0
37.4228006 0 0 -122.0838949 0 0
37.4228011 0 0 -122.0838991 0 0
37.4228017 0 0 -122.0839033 0 0
37.4228022 0 0 -122.0839075 0 0
37.4228027 0 0 -122.0839117 0 0
37.4228031 0 0 -122.0839160 0 0
37.4228036 0 0 -122.0839202 0 0
37.4228041 0 0 -122.0839244 0 0
37.4228045 0 0 -122.0839286 0 0
37.4228049 0 0 -122.0839329 0 0
37.4228053 0 0 -122.0839371 0 0
37.4228057 0 0 -122.0839413 0 0
37.4228061 0 0 -122.0839455 0 0
37.4228065 0 0 -122.0839498 0 0
37.4228068 0 0 -122.0839540 0 0
37.4228072 0 0 -122.0839583 0 0
37.4228075 0 0 -122.0839625 0 0
37.4228078 0 0 -122.0839667 0 0
37.4228081 0 0 -122.0839710 0 0
37.4228084 0 0 -122.0839752 0 0
37.4228086 0 0 -122.0839795 0 0
37.4228089 0 0 -122.0839837 0 0
37.4228091 0 0 -122.0839880 0 0
37.4228094 0 0 -122.0839922 0 0
37.4228096 0 0 -122.0839965 0 0
37.4228098 0 0 -122.0840007 0 0
37.4228099 0 0 -122.0840050 0 0
37.4228101 0 0 -122.0840092 0 0
37.4228103 0 0 -122.0840135 0 0
37.4228104 0 0 -122.0840178 0 0
37.4228105 0 0 -122.0840220 0 0
37.4228106 0 0 -122.0840263 0 0
37.4228107 0 0 -122.0840305 0 0
37.4228108 0 0 -122.0840348 0 0
37.4228109 0 0 -122.0840390 0 0
37.4228109 0 0 -122.0840433 0 0
37.4228110 0 0 -122.0840476 0 0
37.4228110 0 0 -122.0840518 0 0
37.4228110 0 0 -122.0840561 0 0
37.4228110 0 0 -122.0840603 0 0
37.4228110 0 0 -122.0840646 0 0
37.4228110 0 0 -122.0840689 0 0
37.4228109 0 0 -122.0840731 0 0
37.4228109 0 0 -122.0840774 0 0
37.4228108 0 0 -122.0840816 0 0
37.4228107 0 0 -122.0840859 0 0
37.4228106 0 0 -122.0840902 0 0
37.4228105 0 0 -122.0840944 0 0
37.4228104 0 0 -122.0840987 0 0
37.4228102 0 0 -122.0841029 0 0
37.4228101 0 0 -122.0841072 0 0
37.4228099 0 0 -122.0841114 0 0
37.4228097 0 0 -122.0841157 0 0
37.4228095 0 0 -122.0841200 0 0
37.4228093 0 0 -122.0841242 0 0
37.4228090 0 0 -122.0841285 0 0
37.4228088 0 0 -122.0841327 0 0
37.4228085 0 0 -122.0841370 0 0
37.4228083 0 0 -122.0841412 0 0
37.4228080 0 0 -122.0841454 0 0
37.4228077 0 0 -122.0841497 0 0
37.4228074 0 0 -122.0841539 0 0
37.4228070 0 0 -122.0841582 0 0
37.4228067 0 0 -122.0841624 0 0
37.4228063 0 0 -122.0841666 0 0
37.4228060 0 0 -122.0841709 0 0
37.4228056 0 0 -122.0841751 0 0
37.4228052 0 0 -122.0841793 0 0
37.4228048 0 0 -122.0841836 0 0
37.4228043 0 0 -122.0841878 0 0
37.4228039 0 0 -122.0841920 0 0
37.4228034 0 0 -122.0841962 0 0
37.4228030 0 0 -122.0842005 0 0
37.4228025 0 0 -122.0842047 0 0
37.4228020 0 0 -122.0842089 0 0
37.4228015 0 0 -122.0842131 0 0
37.4228009 0 0 -122.0842173 0 0
37.4228004 0 0 -122.0842215 0 0
37.4227998 0 0 -122.0842257 0 0
37.4227993 0 0 -122.0842299 0 0
37.4227987 0 0 -122.0842341 0 0
37.4227981 0 0 -122.0842383 0 0
37.4227975 0 0 -122.0842425 0 0
37.4227969 0 0 -122.0842467 0 0
37.4227962 0 0 -122.0842509 0 0
37.4227956 0 0 -122.0842551 0 0
37.4227949 0 0 -122.0842592 0 0
37.4227942 0 0 -122.0842634 0 0
37.4227935 0 0 -122.0842676 0 0
37.4227928 0 0 -122.0842717 0 0
37.4227921 0 0 -122.0842759 0 0
37.4227914 0 0 -122.0842801 0 0
37.4227906 0 0 -122.0842842 0 0
37.4227898 0 0 -122.0842884 0 0
37.4227891 0 0 -122.0842925 0 0
37.4227883 0 0 -122.0842967 0 0
37.4227875 0 0 -122.0843008 0 0
37.4227866 0 0 -122.0843049 0 0
37.4227858 0 0 -122.0843091 0 0
37.4227850 0 0 -122.0843132 0 0
37.4227841 0 0 -122.0843173 0 0
37.4227832 0 0 -122.0843214 0 0
37.4227823 0 0 -122.0843255 0 0
37.4227814 0 0 -122.0843297 0 0
37.4227805 0 0 -122.0843338 0 0
37.4227796 0 0 -122.0843379 0 0
37.4227786 0 0 -122.0843419 0 0
37.4227777 0 0 -122.0843460 0 0
37.4227767 0 0 -122.0843501 0 0
37.4227757 0 0 -122.0843542 0 0
37.4227747 0 0 -122.0843583 0 0
37.4227737 0 0 -122.0843623 0 0
37.4227727 0 0 -122.0843664 0 0
37.4227717 0 0 -122.0843705 0 0
37.4227706 0 0 -122.0843745 0 0
37.4227695 0 0 -122.0843785 0 0
37.4227685 0 0 -122.0843826 0 0
37.4227674 0 0 -122.0843866 0 0
37.4227663 0 0 -122.0843907 0 0
37.4227651 0 0 -122.0843947 0 0
37.4227640 0 0 -122.0843987 0 0
37.4227629 0 0 -122.0844027 0 0
37.4227617 0 0 -122.0844067 0 0
37.4227605 0 0 -122.0844107 0 0
37.4227593 0 0 -122.0844147 0 0
37.4227581 0 0 -122.0844187 0 0
37.4227569 0 0 -122.0844227 0 0
37.4227557 0 0 -122.0844266 0 0
37.4227545 0 0 -122.0844306 0 0
37.4227532 0 0 -122.0844346 0 0
37.4227519 0 0 -122.0844385 0 0
37.4227507 0 0 -122.0844425 0 0
37.4227494 0 0 -122.0844464 0 0
37.4227481 0 0 -122.0844503 0 0
37.4227467 0 0 -122.0844543 0 0
37.4227454 0 0 -122.0844582 0 0
37.4227441 0 0 -122.0844621 0 0
37.4227427 0 0 -122.0844660 0 0
37.4227413 0 0 -122.0844699 0 0
37.4227400 0 0 -122.0844738 0 0
37.4227386 0 0 -122.0844777 0 0
37.4227371 0 0 -122.0844815 0 0
37.4227357 0 0 -122.0844854 0 0
37.4227343 0 0 -122.0844893 0 0
37.4227328 0 0 -122.0844931 0 0
37.4227314 0 0 -122.0844970 0 0
37.4227299 0 0 -122.0845008 0 0
37.4227284 0 0 -122.0845046 0 0
37.4227269 0 0 -122.0845085 0 0
37.4227254 0 0 -122.0845123 0 0
37.4227239 0 0 -122.0845161 0 0
37.4227223 0 0 -122.0845199 0 0
37.4227208 0 0 -122.0845237 0 0
37.4227192 0 0 -122.0845275 0 0
37.4227176 0 0 -122.0845312 0 0
37.4227161 0 0 -122.0845350 0 0
37.4227145 0 0 -122.0845388 0 0
37.4227128 0 0 -122.0845425 0 0
37.4227112 0 0 -122.0845462 0 0
37.4227096 0 0 -122.0845500 0 0
37.4227079 0 0 -122.0845537 0 0
37.4227063 0 0 -122.0845574 0 0
37.4227046 0 0 -122.0845611 0 0
37.4227029 0 0 -122.0845648 0 0
37.4227012 0 0 -122.0845685 0 0
37.4226995 0 0 -122.0845722 0 0
37.4226977 0 0 -122.0845759 0 0
37.4226960 0 0 -122.0845795 0 0
37.4226943 0 0 -122.0845832 0 0
37.4226925 0 0 -122.0845868 0 0
37.4226907 0 0 -122.0845904 0 0
37.4226889 0 0 -122.0845941 0 0
37.4226871 0 0 -122.0845977 0 0
37.4226853 0 0 -122.0846013 0 0
37.4226835 0 0 -122.0846049 0 0
37.4226817 0 0 -122.0846085 0 0
37.4226798 0 0 -122.0846120 0 0
37.4226780 0 0 -122.0846156 0 0
37.4226761 0 0 -122.0846192 0 0
37.4226742 0 0 -122.0846227 0 0
37.4226723 0 0 -122.0846262 0 0
37.4226704 0 0 -122.0846298 0 0
37.4226685 0 0 -122.0846333 0 0
37.4226666 0 0 -122.0846368 0 0
37.4226646 0 0 -122.0846403 0 0
37.4226627 0 0 -122.0846438 0 0
37.4226607 0 0 -122.0846473 0 0
37.4226587 0 0 -122.0846507 0 0
37.4226567 0 0 -122.0846542 0 0
37.4226547 0 0 -122.0846576 0 0
37.4226527 0 0 -122.0846611 0 0
37.4226507 0 0 -122.0846645 0 0
37.4226487 0 0 -122.0846679 0 0
37.4226466 0 0 -122.0846713 0 0
37.4226446 0 0 -122.0846747 0 0
37.4226425 0 0 -122.0846781 0 0
37.4226404 0 0 -122.0846814 0 0
37.4226383 0 0 -122.0846848 0 0
37.4226362 0 0 -122.0846881 0 0
37.4226341 0 0 -122.0846915 0 0
37.4226320 0 0 -122.0846948 0 0
37.4226299 0 0 -122.0846981 0 0
37.4226277 0 0 -122.0847014 0 0
37.4226256 0 0 -122.0847047 0 0
37.4226234 0 0 -122.0847080 0 0
37.4226212 0 0 -122.0847113 0 0
37.4226190 0 0 -122.0847145 0 0
37.4226168 0 0 -122.0847178 0 0
37.4226146 0 0 -122.0847210 0 0
37.4226124 0 0 -122.0847242 0 0
37.4226102 0 0 -122.0847274 0 0
37.4226079 0 0 -122.0847306 0 0
37.4226057 0 0 -122.0847338 0 0
37.4226034 0 0 -122.0847370 0 0
37.4226011 0 0 -122.0847402 0 0
37.4225988 0 0 -122.0847433 0 0
37.4225965 0 0 -122.0847465 0 0
37.4225942 0 0 -122.0847496 0 0
37.4225919 0 0 -122.0847527 0 0
37.4225896 0 0 -122.0847558 0 0
37.4225872 0 0 -122.0847589 0 0
37.4225849 0 0 -122.0847620 0 0
37.4225825 0 0 -122.0847650 0 0
37.4225802 0 0 -122.0847681 0 0
37.4225778 0 0 -122.0847711 0 0
37.4225754 0 0 -122.0847742 0 0
37.4225730 0 0 -122.0847772 0 0
37.4225706 0 0 -122.0847802 0 0
37.4225682 0 0 -122.0847832 0 0
37.4225657 0 0 -122.0847862 0 0
37.4225633 0 0 -122.0847891 0 0
37.4225609 0 0 -122.0847921 0 0
37.4225584 0 0 -122.0847950 0 0
37.4225559 0 0 -122.0847979 0 0
37.4225534 0 0 -122.0848009 0 0
37.4225510 0 0 -122.0848038 0 0
37.4225485 0 0 -122.0848066 0 0
37.4225460 0 0 -122.0848095 0 0
37.4225434 0 0 -122.0848124 0 0
37.4225409 0 0 -122.0848152 0 0
37.4225384 0 0 -122.0848181 0 0
37.4225358 0 0 -122.0848209 0 0
37.4225333 0 0 -122.0848237 0 0
37.4225307 0 0 -122.0848265 0 0
37.4225281 0 0 -122.0848293 0 0
37.4225255 0 0 -122.0848320 0 0
37.4225230 0 0 -122.0848348 0 0
37.4225204 0 0 -122.0848375 0 0
37.4225177 0 0 -122.0848403 0 0
37.4225151 0 0 -122.0848430 0 0
37.4225125 0 0 -122.0848457 0 0
37.4225099 0 0 -122.0848484 0 0
37.4225072 0 0 -122.0848510 0 0
37.4225046 0 0 -122.0848537 0 0
37.4225019 0 0 -122.0848563 0 0
37.4224992 0 0 -122.0848590 0 0
37.4224965 0 0 -122.0848616 0 0
37.4224938 0 0 -122.0848642 0 0
37.4224911 0 0 -122.0848668 0 0
37.4224884 0 0 -122.0848693 0 0
37.4224857 0 0 -122.0848719 0 0
37.4224830 0 0 -122.0848744 0 0
37.4224803 0 0 -122.0848770 0 0
37.4224775 0 0 -122.0848795 0 0
37.4224748 0 0 -122.0848820 0 0
37.4224720 0 0 -122.0848845 0 0
37.4224692 0 0 -122.0848869 0 0
37.4224665 0 0 -122.0848894 0 0
37.4224637 0 0 -122.0848918 0 0
37.4224609 0 0 -122.0848943 0 0
37.4224581 0 0 -122.0848967 0 0
37.4224553 0 0 -122.0848991 0 0
37.4224525 0 0 -122.0849015 0 0
37.4224496 0 0 -122.0849038 0 0
37.4224468 0 0 -122.0849062 0 0
37.4224440 0 0 -122.0849085 0 0
37.4224411 0 0 -122.0849109 0 0
37.4224383 0 0 -122.0849132 0 0
37.4224354 0 0 -122.0849155 0 0
37.4224325 0 0 -122.0849177 0 0
37.4224297 0 0 -122.0849200 0 0
37.4224268 0 0 -122.0849223 0 0
37.4224239 0 0 -122.0849245 0 0
37.4224210 0 0 -122.0849267 0 0
37.4224181 0 0 -122.0849289 0 0
37.4224152 0 0 -122.0849311 0 0
37.4224122 0 0 -122.0849333 0 0
37.4224093 0 0 -122.0849354 0 0
37.4224064 0 0 -122.0849376 0 0
37.4224034 0 0 -122.0849397 0 0
37.4224005 0 0 -122.0849418 0 0
37.4223975 0 0 -122.0849439 0 0
37.4223946 0 0 -122.0849460 0 0
37.4223916 0 0 -122.0849481 0 0
37.4223886 0 0 -122.0849501 0 0
37.4223856 0 0 -122.0849522 0 0
37.4223826 0 0 -122.0849542 0 0
37.4223796 0 0 -122.0849562 0 0
37.4223766 0 0 -122.0849582 0 0
37.4223736 0 0 -122.0849601 0 0
37.4223706 0 0 -122.0849621 0 0
37.4223676 0 0 -122.0849640 0 0
37.4223645 0 0 -122.0849659 0 0
37.4223615 0 0 -122.0849679 0 0
37.4223585 0 0 -122.0849697 0 0
37.4223554 0 0 -122.0849716 0 0
37.4223523 0 0 -122.0849735 0 0
37.4223493 0 0 -122.0849753 0 0
37.4223462 0 0 -122.0849772 0 0
37.4223431 0 0 -122.0849790 0 0
37.4223401 0 0 -122.0849808 0 0
37.4223370 0 0 -122.0849825 0 0
37.4223339 0 0 -122.0849843 0 0
37.4223308 0 0 -122.0849860 0 0
37.4223277 0 0 -122.0849878 0 0
37.4223246 0 0 -122.0849895 0 0
37.4223214 0 0 -122.0849912 0 0
37.4223183 0 0 -122.0849929 0 0
37.4223152 0 0 -122.0849945 0 0
37.4223121 0 0 -122.0849962 0 0
37.4223089 0 0 -122.0849978 0 0
37.4223058 0 0 -122.0849994 0 0
37.4223026 0 0 -122.0850010 0 0
37.4222995 0 0 -122.0850026 0 0
37.4222963 0 0 -122.0850042 0 0
37.4222931 0 0 -122.0850057 0 0
37.4222900 0 0 -122.0850073 0 0
37.4222868 0 0 -122.0850088 0 0
37.4222836 0 0 -122.0850103 0 0
37.4222804 0 0 -122.0850117 0 0
37.4222772 0 0 -122.0850132 0 0
37.4222740 0 0 -122.0850147 0 0
37.4222708 0 0 -122.0850161 0 0
37.4222676 0 0 -122.0850175 0 0
37.4222644 0 0 -122.0850189 0 0
37.4222612 0 0 -122.0850203 0 0
37.4222580 0 0 -122.0850216 0 0
37.4222548 0 0 -122.0850230 0 0
37.4222515 0 0 -122.0850243 0 0
37.4222483 0 0 -122.0850256 0 0
37.4222451 0 0 -122.0850269 0 0
37.4222418 0 0 -122.0850282 0 0
37.4222386 0 0 -122.0850295 0 0
37.4222353 0 0 -122.0850307 0 0
37.4222321 0 0 -122.0850320 0 0
37.4222288 0 0 -122.0850332 0 0
37.4222256 0 0 -122.0850344 0 0
37.4222223 0 0 -122.0850355 0 0
37.4222190 0 0 -122.0850367 0 0
37.4222158 0 0 -122.0850378 0 0
37.4222125 0 0 -122.0850390 0 0
37.4222092 0 0 -122.0850401 0 0
37.4222059 0 0 -122.0850412 0 0
37.4222026 0 0 -122.0850422 0 0
37.4221993 0 0 -122.0850433 0 0
37.4221960 0 0 -122.0850443 0 0
37.4221927 0 0 -122.0850454 0 0
37.4221894 0 0 -122.0850464 0 0
37.4221861 0 0 -122.0850473 0 0
37.4221828 0 0 -122.0850483 0 0
37.4221795 0 0 -122.0850493 0 0
37.4221762 0 0 -122.0850502 0 0
37.4221729 0 0 -122.0850511 0 0
37.4221696 0 0 -122.0850520 0 0
37.4221662 0 0 -122.0850529 0 0
37.4221629 0 0 -122.0850538 0 0
37.4221596 0 0 -122.0850546 0 0
37.4221562 0 0 -122.0850554 0 0
37.4221529 0 0 -122.0850563 0 0
37.4221496 0 0 -122.0850571 0 0
37.4221462 0 0 -122.0850578 0 0
37.4221429 0 0 -122.0850586 0 0
37.4221395 0 0 -122.0850593 0 0
37.4221362 0 0 -122.0850601 0 0
37.4221328 0 0 -122.0850608 0 0
37.4221295 0 0 -122.0850615 0 0
37.4221261 0 0 -122.0850621 0 0
37.4221228 0 0 -122.0850628 0 0
37.4221194 0 0 -122.0850634 0 0
37.4221161 0 0 -122.0850640 0 0
37.4221127 0 0 -122.0850646 0 0
37.4221093 0 0 -122.0850652 0 0
37.4221060 0 0 -122.0850658 0 0
37.4221026 0 0 -122.0850663 0 0
37.4220992 0 0 -122.0850669 0 0
37.4220958 0 0 -122.0850674 0 0
37.4220925 0 0 -122.0850679 0 0
37.4220891 0 0 -122.0850684 0 0
37.4220857 0 0 -122.0850688 0 0
37.4220823 0 0 -122.0850693 0 0
37.4220790 0 0 -122.0850697 0 0
37.4220756 0 0 -122.0850701 0 0
37.4220722 0 0 -122.0850705 0 0
37.4220688 0 0 -122.0850708 0 0
37.4220654 0 0 -122.0850712 0 0
37.4220620 0 0 -122.0850715 0 0
37.4220586 0 0 -122.0850719 0 0
37.4220553 0 0 -122.0850721 0 0
37.4220519 0 0 -122.0850724 0 0
37.4220485 0 0 -122.0850727 0 0
37.4220451 0 0 -122.0850729 0 0
37.4220417 0 0 -122.0850732 0 0
37.4220383 0 0 -122.0850734 0 0
37.4220349 0 0 -122.0850736 0 0
37.4220315 0 0 -122.0850738 0 0
37.4220281 0 0 -122.0850739 0 0
37.4220247 0 0 -122.0850740 0 0
37.4220213 0 0 -122.0850742 0 0
37.4220179 0 0 -122.0850743 0 0
37.4220145 0 0 -122.0850744 0 0
37.4220111 0 0 -122.0850744 0 0
37.4220077 0 0 -122.0850745 0 0
37.4220043 0 0 -122.0850745 0 0
37.4220009 0 0 -122.0850745 0 0
37.4219975 0 0 -122.0850745 0 0
37.4219941 0 0 -122.0850745 0 0
37.4219907 0 0 -122.0850745 0 0
37.4219873 0 0 -122.0850744 0 0
37.4219839 0 0 -122.0850743 0 0
37.4219805 0 0 -122.0850742 0 0
37.4219771 0 0 -122.0850741 0 0
37.4219738 0 0 -122.0850740 0 0
37.4219704 0 0 -122.0850739 0 0
37.4219670 0 0 -122.0850737 0 0
37.4219636 0 0 -122.0850735 0 0
37.4219602 0 0 -122.0850733 0 0
37.4219568 0 0 -122.0850731 0 0
37.4219534 0 0 -122.0850729 0 0
37.4219500 0 0 -122.0850726 0 0
37.4219466 0 0 -122.0850723 0 0
37.4219432 0 0 -122.0850720 0 0
37.4219398 0 0 -122.0850717 0 0
37.4219364 0 0 -122.0850714 0 0
37.4219330 0 0 -122.0850711 0 0
37.4219297 0 0 -122.0850707 0 0
37.4219263 0 0 -122.0850703 0 0
37.4219229 0 0 -122.0850699 0 0
37.4219195 0 0 -122.0850695 0 0
37.4219161 0 0 -122.0850691 0 0
37.4219128 0 0 -122.0850686 0 0
37.4219094 0 0 -122.0850682 0 0
37.4219060 0 0 -122.0850677 0 0
37.4219026 0 0 -122.0850672 0 0
37.4218993 0 0 -122.0850667 0 0
37.4218959 0 0 -122.0850661 0 0
37.4218925 0 0 -122.0850656 0 0
37.4218891 0 0 -122.0850650 0 0
37.4218858 0 0 -122.0850644 0 0
37.4218824 0 0 -122.0850638 0 0
37.4218791 0 0 -122.0850632 0 0
37.4218757 0 0 -122.0850625 0 0
37.4218723 0 0 -122.0850619 0 0
37.4218690 0 0 -122.0850612 0 0
37.4218656 0 0 -122.0850605 0 0
37.4218623 0 0 -122.0850598 0 0
37.4218589 0 0 -122.0850591 0 0
37.4218556 0 0 -122.0850583 0 0
37.4218523 0 0 -122.0850575 0 0
37.4218489 0 0 -122.0850568 0 0
37.4218456 0 0 -122.0850560 0 0
37.4218422 0 0 -122.0850551 0 0
37.4218389 0 0 -122.0850543 0 0
37.4218356 0 0 -122.0850535 0 0
37.4218323 0 0 -122.0850526 0 0
37.4218289 0 0 -122.0850517 0 0
37.4218256 0 0 -122.0850508 0 0
37.4218223 0 0 -122.0850499 0 0
37.4218190 0 0 -122.0850489 0 0
37.4218157 0 0 -122.0850480 0 0
37.4218124 0 0 -122.0850470 0 0
37.4218091 0 0 -122.0850460 0 0
37.4218058 0 0 -122.0850450 0 0
37.4218025 0 0 -122.0850440 0 0
37.4217992 0 0 -122.0850429 0 0
37.4217959 0 0 -122.0850418 0 0
37.4217926 0 0 -122.0850408 0 0
37.4217893 0 0 -122.0850397 0 0
37.4217860 0 0 -122.0850386 0 0
37.4217827 0 0 -122.0850374 0 0
37.4217795 0 0 -122.0850363 0 0
37.4217762 0 0 -122.0850351 0 0
37.4217729 0 0 -122.0850339 0 0
37.4217697 0 0 -122.0850327 0 0
37.4217664 0 0 -122.0850315 0 0
37.4217632 0 0 -122.0850303 0 0
37.4217599 0 0 -122.0850290 0 0
37.4217567 0 0 -122.0850277 0 0
37.4217534 0 0 -122.0850265 0 0
37.4217502 0 0 -122.0850252 0 0
37.4217470 0 0 -122.0850238 0 0
37.4217438 0 0 -122.0850225 0 0
37.4217405 0 0 -122.0850212 0 0
37.4217373 0 0 -122.0850198 0 0
37.4217341 0 0 -122.0850184 0 0
37.4217309 0 0 -122.0850170 0 0
37.4217277 0 0 -122.0850156 0 0
37.4217245 0 0 -122.0850141 0 0
37.4217213 0 0 -122.0850127 0 0
37.4217181 0 0 -122.0850112 0 0
37.4217149 0 0 -122.0850097 0 0
37.4217117 0 0 -122.0850082 0 0
37.4217086 0 0 -122.0850067 0 0
37.4217054 0 0 -122.0850052 0 0
37.4217022 0 0 -122.0850036 0 0
37.4216991 0 0 -122.0850020 0 0
37.4216959 0 0 -122.0850004 0 0
37.4216928 0 0 -122.0849988 0 0
37.4216896 0 0 -122.0849972 0 0
37.4216865 0 0 -122.0849956 0 0
37.4216834 0 0 -122.0849939 0 0
37.4216802 0 0 -122.0849923 0 0
37.4216771 0 0 -122.0849906 0 0
37.4216740 0 0 -122.0849889 0 0
37.4216709 0 0 -122.0849871 0 0
37.4216678 0 0 -122.0849854 0 0
37.4216647 0 0 -122.0849837 0 0
37.4216616 0 0 -122.0849819 0 0
37.4216585 0 0 -122.0849801 0 0
37.4216554 0 0 -122.0849783 0 0
37.4216524 0 0 -122.0849765 0 0
37.4216493 0 0 -122.0849747 0 0
37.4216462 0 0 -122.0849728 0 0
37.4216432 0 0 -122.0849709 0 0
37.4216401 0 0 -122.0849691 0 0
37.4216371 0 0 -122.0849672 0 0
37.4216341 0 0 -122.0849652 0 0
37.4216310 0 0 -122.0849633 0 0
37.4216280 0 0 -122.0849614 0 0
37.4216250 0 0 -122.0849594 0 0
37.4216220 0 0 -122.0849574 0 0
37.4216190 0 0 -122.0849554 0 0
37.4216160 0 0 -122.0849534 0 0
37.4216130 0 0 -122.0849514 0 0
37.4216100 0 0 -122.0849494 0 0
37.4216070 0 0 -122.0849473 0 0
37.4216041 0 0 -122.0849452 0 0
37.4216011 0 0 -122.0849432 0 0
37.4215981 0 0 -122.0849411 0 0
37.4215952 0 0 -122.0849389 0 0
37.4215923 0 0 -122.0849368 0 0
37.4215893 0 0 -122.0849347 0 0
37.4215864 0 0 -122.0849325 0 0
37.4215835 0 0 -122.0849303 0 0
37.4215806 0 0 -122.0849281 0 0
37.4215777 0 0 -122.0849259 0 0
37.4215748 0 0 -122.0849237 0 0
37.4215719 0 0 -122.0849214 0 0
37.4215690 0 0 -122.0849192 0 0
37.4215661 0 0 -122.0849169 0 0
37.4215632 0 0 -122.0849146 0 0
37.4215604 0 0 -122.0849123 0 0
37.4215575 0 0 -122.0849100 0 0
37.4215547 0 0 -122.0849077 0 0
37.4215519 0 0 -122.0849053 0 0
37.4215490 0 0 -122.0849030 0 0
37.4215462 0 0 -122.0849006 0 0
37.4215434 0 0 -122.0848982 0 0
37.4215406 0 0 -122.0848958 0 0
37.4215378 0 0 -122.0848934 0 0
37.4215350 0 0 -122.0848910 0 0
37.4215322 0 0 -122.0848885 0 0
37.4215294 0 0 -122.0848860 0 0
37.4215267 0 0 -122.0848836 0 0
37.4215239 0 0 -122.0848811 0 0
37.4215212 0 0 -122.0848786 0 0
37.4215184 0 0 -122.0848760 0 0
37.4215157 0 0 -122.0848735 0 0
37.4215130 0 0 -122.0848710 0 0
37.4215103 0 0 -122.0848684 0 0
37.4215076 0 0 -122.0848658 0 0
37.4215049 0 0 -122.0848632 0 0
37.4215022 0 0 -122.0848606 0 0
37.4214995 0 0 -122.0848580 0 0
37.4214968 0 0 -122.0848554 0 0
37.4214942 0 0 -122.0848527 0 0
37.4214915 0 0 -122.0848501 0 0
37.4214889 0 0 -122.0848474 0 0
37.4214862 0 0 -122.0848447 0 0
37.4214836 0 0 -122.0848420 0 0
37.4214810 0 0 -122.0848393 0 0
37.4214784 0 0 -122.0848365 0 0
37.4214758 0 0 -122.0848338 0 0
37.4214732 0 0 -122.0848310 0 0
37.4214706 0 0 -122.0848283 0 0
37.4214681 0 0 -122.0848255 0 0
37.4214655 0 0 -122.0848227 0 0
37.4214629 0 0 -122.0848199 0 0
37.4214604 0 0 -122.0848170 0 0
37.4214579 0 0 -122.0848142 0 0
37.4214553 0 0 -122.0848113 0 0
37.4214528 0 0 -122.0848085 0 0
37.4214503 0 0 -122.0848056 0 0
37.4214478 0 0 -122.0848027 0 0
37.4214454 0 0 -122.0847998 0 0
37.4214429 0 0 -122.0847969 0 0
37.4214404 0 0 -122.0847939 0 0
37.4214380 0 0 -122.0847910 0 0
37.4214355 0 0 -122.0847880 0 0
37.4214331 0 0 -122.0847851 0 0
37.4214306 0 0 -122.0847821 0 0
37.4214282 0 0 -122.0847791 0 0
37.4214258 0 0 -122.0847761 0 0
37.4214234 0 0 -122.0847731 0 0
37.4214210 0 0 -122.0847700 0 0
37.4214187 0 0 -122.0847670 0 0
37.4214163 0 0 -122.0847639 0 0
37.4214139 0 0 -122.0847608 0 0
37.4214116 0 0 -122.0847578 0 0
37.4214093 0 0 -122.0847547 0 0
37.4214069 0 0 -122.0847516 0 0
37.4214046 0 0 -122.0847484 0 0
37.4214023 0 0 -122.0847453 0 0
37.4214000 0 0 -122.0847422 0 0
37.4213978 0 0 -122.0847390 0 0
37.4213955 0 0 -122.0847358 0 0
37.4213932 0 0 -122.0847327 0 0
37.4213910 0 0 -122.0847295 0 0
37.4213887 0 0 -122.0847263 0 0
37.4213865 0 0 -122.0847231 0 0
37.4213843 0 0 -122.0847198 0 0
37.4213821 0 0 -122.0847166 0 0
37.4213799 0 0 -122.0847133 0 0
37.4213777 0 0 -122.0847101 0 0
37.4213755 0 0 -122.0847068 0 0
37.4213734 0 0 -122.0847035 0 0
37.4213712 0 0 -122.0847002 0 0
37.4213691 0 0 -122.0846969 0 0
37.4213669 0 0 -122.0846936 0 0
37.4213648 0 0 -122.0846903 0 0
37.4213627 0 0 -122.0846869 0 0
37.4213606 0 0 -122.0846836 0 0
37.4213585 0 0 -122.0846802 0 0
37.4213564 0 0 -122.0846768 0 0
37.4213544 0 0 -122.0846734 0 0
37.4213523 0 0 -122.0846701 0 0
37.4213503 0 0 -122.0846666 0 0
37.4213483 0 0 -122.0846632 0 0
37.4213462 0 0 -122.0846598 0 0
37.4213442 0 0 -122.0846564 0 0
37.4213422 0 0 -122.0846529 0 0
37.4213403 0 0 -122.0846495 0 0
37.4213383 0 0 -122.0846460 0 0
37.4213363 0 0 -122.0846425 0 0
37.4213344 0 0 -122.0846390 0 0
37.4213324 0 0 -122.0846355 0 0
37.4213305 0 0 -122.0846320 0 0
37.4213286 0 0 -122.0846285 0 0
37.4213267 0 0 -122.0846250 0 0
37.4213248 0 0 -122.0846214 0 0
37.4213229 0 0 -122.0846179 0 0
37.4213211 0 0 -122.0846143 0 0
37.4213192 0 0 -122.0846107 0 0
37.4213174 0 0 -122.0846072 0 0
37.4213155 0 0 -122.0846036 0 0
37.4213137 0 0 -122.0846000 0 0
37.4213119 0 0 -122.0845964 0 0
37.4213101 0 0 -122.0845927 0 0
37.4213083 0 0 -122.0845891 0 0
37.4213066 0 0 -122.0845855 0 0
37.4213048 0 0 -122.0845818 0 0
37.4213031 0 0 -122.0845782 0 0
37.4213013 0 0 -122.0845745 0 0
37.4212996 0 0 -122.0845708 0 0
37.4212979 0 0 -122.0845672 0 0
37.4212962 0 0 -122.0845635 0 0
37.4212945 0 0 -122.0845598 0 0
37.4212928 0 0 -122.0845561 0 0
37.4212912 0 0 -122.0845523 0 0
37.4212895 0 0 -122.0845486 0 0
37.4212879 0 0 -122.0845449 0 0
37.4212863 0 0 -122.0845411 0 0
37.4212847 0 0 -122.0845374 0 0
37.4212831 0 0 -122.0845336 0 0
37.4212815 0 0 -122.0845299 0 0
37.4212799 0 0 -122.0845261 0 0
37.4212784 0 0 -122.0845223 0 0
37.4212768 0 0 -122.0845185 0 0
37.4212753 0 0 -122.0845147 0 0
37.4212738 0 0 -122.0845109 0 0
37.4212722 0 0 -122.0845071 0 0
37.4212707 0 0 -122.0845032 0 0
37.4212693 0 0 -122.0844994 0 0
37.4212678 0 0 -122.0844956 0 0
37.4212663 0 0 -122.0844917 0 0
37.4212649 0 0 -122.0844879 0 0
37.4212635 0 0 -122.0844840 0 0
37.4212620 0 0 -122.0844801 0 0
37.4212606 0 0 -122.0844763 0 0
37.4212592 0 0 -122.0844724 0 0
37.4212579 0 0 -122.0844685 0 0
37.4212565 0 0 -122.0844646 0 0
37.4212551 0 0 -122.0844607 0 0
37.4212538 0 0 -122.0844568 0 0
37.4212525 0 0 -122.0844528 0 0
37.4212512 0 0 -122.0844489 0 0
37.4212499 0 0 -122.0844450 0 0
37.4212486 0 0 -122.0844410 0 0
37.4212473 0 0 -122.0844371 0 0
37.4212460 0 0 -122.0844331 0 0
37.4212448 0 0 -122.0844292 0 0
37.4212436 0 0 -122.0844252 0 0
37.4212423 0 0 -122.0844212 0 0
37.4212411 0 0 -122.0844172 0 0
37.4212399 0 0 -122.0844132 0 0
37.4212387 0 0 -122.0844093 0 0
37.4212376 0 0 -122.0844053 0 0
37.4212364 0 0 -122.0844012 0 0
37.4212353 0 0 -122.0843972 0 0
37.4212342 0 0 -122.0843932 0 0
37.4212330 0 0 -122.0843892 0 0
37.4212319 0 0 -122.0843852 0 0
37.4212308 0 0 -122.0843811 0 0
37.4212298 0 0 -122.0843771 0 0
37.4212287 0 0 -122.0843730 0 0
37.4212277 0 0 -122.0843690 0 0
37.4212266 0 0 -122.0843649 0 0
37.4212256 0 0 -122.0843609 0 0
37.4212246 0 0 -122.0843568 0 0
37.4212236 0 0 -122.0843527 0 0
37.4212226 0 0 -122.0843486 0 0
37.4212217 0 0 -122.0843446 0 0
37.4212207 0 0 -122.0843405 0 0
37.4212198 0 0 -122.0843364 0 0
37.4212188 0 0 -122.0843323 0 0
37.4212179 0 0 -122.0843282 0 0
37.4212170 0 0 -122.0843241 0 0
37.4212162 0 0 -122.0843199 0 0
37.4212153 0 0 -122.0843158 0 0
37.4212144 0 0 -122.0843117 0 0
37.4212136 0 0 -122.0843076 0 0
37.4212128 0 0 -122.0843034 0 0
37.4212119 0 0 -122.0842993 0 0
37.4212111 0 0 -122.0842952 0 0
37.4212104 0 0 -122.0842910 0 0
37.4212096 0 0 -122.0842869 0 0
37.4212088 0 0 -122.0842827 0 0
37.4212081 0 0 -122.0842786 0 0
37.4212073 0 0 -122.0842744 0 0
37.4212066 0 0 -122.0842702 0 0
37.4212059 0 0 -122.0842661 0 0
37.4212052 0 0 -122.0842619 0 0
37.4212046 0 0 -122.0842577 0 0
37.4212039 0 0 -122.0842535 0 0
37.4212032 0 0 -122.0842494 0 0
37.4212026 0 0 -122.0842452 0 0
37.4212020 0 0 -122.0842410 0 0
37.4212014 0 0 -122.0842368 0 0
37.4212008 0 0 -122.0842326 0 0
37.4212002 0 0 -122.0842284 0 0
37.4211997 0 0 -122.0842242 0 0
37.4211991 0 0 -122.0842200 0 0
37.4211986 0 0 -122.0842158 0 0
37.4211980 0 0 -122.0842116 0 0
37.4211975 0 0 -122.0842074 0 0
37.4211970 0 0 -122.0842032 0 0
37.4211966 0 0 -122.0841989 0 0
37.4211961 0 0 -122.0841947 0 0
37.4211956 0 0 -122.0841905 0 0
37.4211952 0 0 -122.0841863 0 0
37.4211948 0 0 -122.0841820 0 0
37.4211944 0 0 -122.0841778 0 0
37.4211940 0 0 -122.0841736 0 0
37.4211936 0 0 -122.0841694 0 0
37.4211932 0 0 -122.0841651 0 0
37.4211929 0 0 -122.0841609 0 0
37.4211925 0 0 -122.0841566 0 0
37.4211922 0 0 -122.0841524 0 0
37.4211919 0 0 -122.0841482 0 0
37.4211916 0 0 -122.0841439 0 0
37.4211913 0 0 -122.0841397 0 0
37.4211911 0 0 -122.0841354 0 0
37.4211908 0 0 -122.0841312 0 0
37.4211906 0 0 -122.0841269 0 0
37.4211903 0 0 -122.0841227 0 0
37.4211901 0 0 -122.0841184 0 0
37.4211899 0 0 -122.0841142 0 0
37.4211898 0 0 -122.0841099 0 0
37.4211896 0 0 -122.0841057 0 0
37.4211894 0 0 -122.0841014 0 0
37.4211893 0 0 -122.0840971 0 0
37.4211892 0 0 -122.0840929 0 0
37.4211891 0 0 -122.0840886 0 0
37.4211890 0 0 -122.0840844 0 0
37.4211889 0 0 -122.0840801 0 0
37.4211888 0 0 -122.0840759 0 0
37.4211888 0 0 -122.0840716 0 0
37.4211887 0 0 -122.0840673 0 0
37.4211887 0 0 -122.0840631 0 0
37.4211887 0 0 -122.0840588 0 0
37.4211887 0 0 -122.0840545 0 0
37.4211887 0 0 -122.0840503 0 0
37.4211887 0 0 -122.0840460 0 0
37.4211888 0 0 -122.0840418 0 0
37.4211888 0 0 -122.0840375 0 0
37.4211889 0 0 -122.0840333 0 0
37.4211890 0 0 -122.0840290 0 0
37.4211891 0 0 -122.0840247 0 0
37.4211892 0 0 -122.0840205 0 0
37.4211893 0 0 -122.0840162 0 0
37.4211895 0 0 -122.0840120 0 0
37.4211896 0 0 -122.0840077 0 0
37.4211898 0 0 -122.0840035 0 0
37.4211900 0 0 -122.0839992 0 0
37.4211902 0 0 -122.0839949 0 0
37.4211904 0 0 -122.0839907 0 0
37.4211907 0 0 -122.0839864 0 0
37.4211909 0 0 -122.0839822 0 0
37.4211912 0 0 -122.0839779 0 0
37.4211914 0 0 -122.0839737 0 0
37.4211917 0 0 -122.0839695 0 0
37.4211920 0 0 -122.0839652 0 0
37.4211923 0 0 -122.0839610 0 0
37.4211927 0 0 -122.0839567 0 0
37.4211930 0 0 -122.0839525 0 0
37.4211934 0 0 -122.0839483 0 0
37.4211937 0 0 -122.0839440 0 0
37.4211941 0 0 -122.0839398 0 0
37.4211945 0 0 -122.0839356 0 0
37.4211949 0 0 -122.0839313 0 0
37.4211954 0 0 -122.0839271 0 0
37.4211958 0 0 -122.0839229 0 0
37.4211963 0 0 -122.0839187 0 0
37.4211967 0 0 -122.0839144 0 0
37.4211972 0 0 -122.0839102 0 0
37.4211977 0 0 -122.0839060 0 0
37.4211982 0 0 -122.0839018 0 0
37.4211988 0 0 -122.0838976 0 0
37.4211993 0 0 -122.0838934 0 0
37.4211999 0 0 -122.0838892 0 0
37.4212004 0 0 -122.0838850 0 0
37.4212010 0 0 -122.0838808 0 0
37.4212016 0 0 -122.0838766 0 0
37.4212022 0 0 -122.0838724 0 0
37.4212028 0 0 -122.0838682 0 0
37.4212035 0 0 -122.0838640 0 0
37.4212041 0 0 -122.0838598 0 0
37.4212048 0 0 -122.0838557 0 0
37.4212055 0 0 -122.0838515 0 0
37.4212062 0 0 -122.0838473 0 0
37.4212069 0 0 -122.0838432 0 0
37.4212076 0 0 -122.0838390 0 0
37.4212083 0 0 -122.0838348 0 0
37.4212091 0 0 -122.0838307 0 0
37.4212099 0 0 -122.0838265 0 0
37.4212106 0 0 -122.0838224 0 0
37.4212114 0 0 -122.0838182 0 0
37.4212122 0 0 -122.0838141 0 0
37.4212131 0 0 -122.0838100 0 0
37.4212139 0 0 -122.0838058 0 0
37.4212147 0 0 -122.0838017 0 0
37.4212156 0 0 -122.0837976 0 0
37.4212165 0 0 -122.0837935 0 0
37.4212174 0 0 -122.0837894 0 0
37.4212183 0 0 -122.0837853 0 0
37.4212192 0 0 -122.0837811 0 0
37.4212201 0 0 -122.0837771 0 0
37.4212211 0 0 -122.0837730 0 0
37.4212220 0 0 -122.0837689 0 0
37.4212230 0 0 -122.0837648 0 0
37.4212240 0 0 -122.0837607 0 0
37.4212250 0 0 -122.0837566 0 0
37.4212260 0 0 -122.0837526 0 0
37.4212270 0 0 -122.0837485 0 0
37.4212280 0 0 -122.0837445 0 0
37.4212291 0 0 -122.0837404 0 0
37.4212302 0 0 -122.0837364 0 0
37.4212312 0 0 -122.0837323 0 0
37.4212323 0 0 -122.0837283 0 0
37.4212334 0 0 -122.0837243 0 0
37.4212346 0 0 -122.0837202 0 0
37.4212357 0 0 -122.0837162 0 0
37.4212368 0 0 -122.0837122 0 0
37.4212380 0 0 -122.0837082 0 0
37.4212392 0 0 -122.0837042 0 0
37.4212404 0 0 -122.0837002 0 0
37.4212416 0 0 -122.0836962 0 0
37.4212428 0 0 -122.0836922 0 0
37.4212440 0 0 -122.0836883 0 0
37.4212452 0 0 -122.0836843 0 0
37.4212465 0 0 -122.0836803 0 0
37.4212478 0 0 -122.0836764 0 0
37.4212490 0 0 -122.0836724 0 0
37.4212503 0 0 -122.0836685 0 0
37.4212516 0 0 -122.0836646 0 0
37.4212530 0 0 -122.0836606 0 0
37.4212543 0 0 -122.0836567 0 0
37.4212556 0 0 -122.0836528 0 0
37.4212570 0 0 -122.0836489 0 0
37.4212584 0 0 -122.0836450 0 0
37.4212597 0 0 -122.0836411 0 0
37.4212611 0 0 -122.0836372 0 0
37.4212626 0 0 -122.0836334 0 0
37.4212640 0 0 -122.0836295 0 0
37.4212654 0 0 -122.0836256 0 0
37.4212669 0 0 -122.0836218 0 0
37.4212683 0 0 -122.0836179 0 0
37.4212698 0 0 -122.0836141 0 0
37.4212713 0 0 -122.0836103 0 0
37.4212728 0 0 -122.0836064 0 0
37.4212743 0 0 -122.0836026 0 0
37.4212758 0 0 -122.0835988 0 0
37.4212774 0 0 -122.0835950 0 0
37.4212789 0 0 -122.0835912 0 0
37.4212805 0 0 -122.0835875 0 0
37.4212821 0 0 -122.0835837 0 0
37.4212836 0 0 -122.0835799 0 0
37.4212852 0 0 -122.0835762 0 0
37.4212869 0 0 -122.0835724 0 0
37.4212885 0 0 -122.0835687 0 0
37.4212901 0 0 -122.0835649 0 0
37.4212918 0 0 -122.0835612 0 0
37.4212934 0 0 -122.0835575 0 0
37.4212951 0 0 -122.0835538 0 0
37.4212968 0 0 -122.0835501 0 0
37.4212985 0 0 -122.0835464 0 0
37.4213002 0 0 -122.0835427 0 0
37.4213019 0 0 -122.0835391 0 0
37.4213037 0 0 -122.0835354 0 0
37.4213054 0 0 -122.0835317 0 0
37.4213072 0 0 -122.0835281 0 0
37.4213090 0 0 -122.0835245 0 0
37.4213108 0 0 -122.0835208 0 0
37.4213126 0 0 -122.0835172 0 0
37.4213144 0 0 -122.0835136 0 0
37.4213162 0 0 -122.0835100 0 0
37.4213180 0 0 -122.0835064 0 0
37.4213199 0 0 -122.0835029 0 0
37.4213217 0 0 -122.0834993 0 0
37.4213236 0 0 -122.0834957 0 0
37.4213255 0 0 -122.0834922 0 0
37.4213274 0 0 -122.0834887 0 0
37.4213293 0 0 -122.0834851 0 0
37.4213312 0 0 -122.0834816 0 0
37.4213331 0 0 -122.0834781 0 0
37.4213351 0 0 -122.0834746 0 0
37.4213370 0 0 -122.0834711 0 0
37.4213390 0 0 -122.0834677 0 0
37.4213410 0 0 -122.0834642 0 0
37.4213430 0 0 -122.0834607 0 0
37.4213450 0 0 -122.0834573 0 0
37.4213470 0 0 -122.0834539 0 0
37.4213490 0 0 -122.0834504 0 0
37.4213510 0 0 -122.0834470 0 0
37.4213531 0 0 -122.0834436 0 0
37.4213551 0 0 -122.0834402 0 0
37.4213572 0 0 -122.0834368 0 0
37.4213593 0 0 -122.0834335 0 0
37.4213614 0 0 -122.0834301 0 0
37.4213635 0 0 -122.0834268 0 0
37.4213656 0 0 -122.0834234 0 0
37.4213677 0 0 -122.0834201 0 0
37.4213698 0 0 -122.0834168 0 0
37.4213720 0 0 -122.0834135 0 0
37.4213741 0 0 -122.0834102 0 0
37.4213763 0 0 -122.0834069 0 0
37.4213785 0 0 -122.0834036 0 0
37.4213807 0 0 -122.0834004 0 0
37.4213829 0 0 -122.0833971 0 0
37.4213851 0 0 -122.0833939 0 0
37.4213873 0 0 -122.0833907 0 0
37.4213895 0 0 -122.0833875 0 0
37.4213918 0 0 -122.0833843 0 0
37.4213940 0 0 -122.0833811 0 0
37.4213963 0 0 -122.0833779 0 0
37.4213986 0 0 -122.0833747 0 0
37.4214009 0 0 -122.0833716 0 0
37.4214032 0 0 -122.0833685 0 0
37.4214055 0 0 -122.0833653 0 0
37.4214078 0 0 -122.0833622 0 0
37.4214101 0 0 -122.0833591 0 0
37.4214125 0 0 -122.0833560 0 0
37.4214148 0 0 -122.0833529 0 0
37.4214172 0 0 -122.0833499 0 0
37.4214195 0 0 -122.0833468 0 0
37.4214219 0 0 -122.0833438 0 0
37.4214243 0 0 -122.0833407 0 0
37.4214267 0 0 -122.0833377 0 0
37.4214291 0 0 -122.0833347 0 0
37.4214315 0 0 -122.0833317 0 0
37.4214340 0 0 -122.0833288 0 0
37.4214364 0 0 -122.0833258 0 0
37.4214388 0 0 -122.0833228 0 0
37.4214413 0 0 -122.0833199 0 0
37.4214438 0 0 -122.0833170 0 0
37.4214462 0 0 -122.0833141 0 0
37.4214487 0 0 -122.0833112 0 0
37.4214512 0 0 -122.0833083 0 0
37.4214537 0 0 -122.0833054 0 0
37.4214563 0 0 -122.0833025 0 0
37.4214588 0 0 -122.0832997 0 0
37.4214613 0 0 -122.0832968 0 0
37.4214639 0 0 -122.0832940 0 0
37.4214664 0 0 -122.0832912 0 0
37.4214690 0 0 -122.0832884 0 0
37.4214716 0 0 -122.0832856 0 0
37.4214741 0 0 -122.0832829 0 0
37.4214767 0 0 -122.0832801 0 0
37.4214793 0 0 -122.0832774 0 0
37.4214819 0 0 -122.0832747 0 0
37.4214846 0 0 -122.0832719 0 0
37.4214872 0 0 -122.0832692 0 0
37.4214898 0 0 -122.0832666 0 0
37.4214925 0 0 -122.0832639 0 0
37.4214951 0 0 -122.0832612 0 0
37.4214978 0 0 -122.0832586 0 0
37.4215005 0 0 -122.0832560 0 0
37.4215032 0 0 -122.0832533 0 0
37.4215058 0 0 -122.0832507 0 0
37.4215085 0 0 -122.0832481 0 0
37.4215113 0 0 -122.0832456 0 0
37.4215140 0 0 -122.0832430 0 0
37.4215167 0 0 -122.0832405 0 0
37.4215194 0 0 -122.0832379 0 0
37.4215222 0 0 -122.0832354 0 0
37.4215249 0 0 -122.0832329 0 0
37.4215277 0 0 -122.0832304 0 0
37.4215304 0 0 -122.0832280 0 0
37.4215332 0 0 -122.0832255 0 0
37.4215360 0 0 -122.0832231 0 0
37.4215388 0 0 -122.0832206 0 0
37.4215416 0 0 -122.0832182 0 0
37.4215444 0 0 -122.0832158 0 0
37.4215472 0 0 -122.0832134 0 0
37.4215500 0 0 -122.0832111 0 0
37.4215529 0 0 -122.0832087 0 0
37.4215557 0 0 -122.0832064 0 0
37.4215586 0 0 -122.0832040 0 0
37.4215614 0 0 -122.0832017 0 0
37.4215643 0 0 -122.0831994 0 0
37.4215672 0 0 -122.0831972 0 0
37.4215700 0 0 -122.0831949 0 0
37.4215729 0 0 -122.0831926 0 0
37.4215758 0 0 -122.0831904 0 0
37.4215787 0 0 -122.0831882 0 0
37.4215816 0 0 -122.0831860 0 0
37.4215845 0 0 -122.0831838 0 0
37.4215875 0 0 -122.0831816 0 0
37.4215904 0 0 -122.0831795 0 0
37.4215933 0 0 -122.0831773 0 0
37.4215963 0 0 -122.0831752 0 0
37.4215992 0 0 -122.0831731 0 0
37.4216022 0 0 -122.0831710 0 0
37.4216051 0 0 -122.0831689 0 0
37.4216081 0 0 -122.0831668 0 0
37.4216111 0 0 -122.0831648 0 0
37.4216141 0 0 -122.0831628 0 0
37.4216171 0 0 -122.0831607 0 0
37.4216201 0 0 -122.0831587 0 0
37.4216231 0 0 -122.0831568 0 0
37.4216261 0 0 -122.0831548 0 0
37.4216291 0 0 -122.0831528 0 0
37.4216321 0 0 -122.0831509 0 0
37.4216352 0 0 -122.0831490 0 0
37.4216382 0 0 -122.0831471 0 0
37.4216412 0 0 -122.0831452 0 0
37.4216443 0 0 -122.0831433 0 0
37.4216474 0 0 -122.0831414 0 0
37.4216504 0 0 -122.0831396 0 0
37.4216535 0 0 -122.0831378 0 0
37.4216566 0 0 -122.0831359 0 0
37.4216596 0 0 -122.0831342 0 0
37.4216627 0 0 -122.0831324 0 0
37.4216658 0 0 -122.0831306 0 0
37.4216689 0 0 -122.0831289 0 0
37.4216720 0 0 -122.0831271 0 0
37.4216751 0 0 -122.0831254 0 0
37.4216783 0 0 -122.0831237 0 0
37.4216814 0 0 -122.0831220 0 0
37.4216845 0 0 -122.0831204 0 0
37.4216876 0 0 -122.0831187 0 0
37.4216908 0 0 -122.0831171 0 0
37.4216939 0 0 -122.0831155 0 0
37.4216971 0 0 -122.0831139 0 0
37.4217002 0 0 -122.0831123 0 0
37.4217034 0 0 -122.0831107 0 0
37.4217065 0 0 -122.0831092 0 0
37.4217097 0 0 -122.0831077 0 0
37.4217129 0 0 -122.0831061 0 0
37.4217161 0 0 -122.0831046 0 0
37.4217193 0 0 -122.0831032 0 0
37.4217225 0 0 -122.0831017 0 0
37.4217256 0 0 -122.0831002 0 0
37.4217288 0 0 -122.0830988 0 0
37.4217321 0 0 -122.0830974 0 0
37.4217353 0 0 -122.0830960 0 0
37.4217385 0 0 -122.0830946 0 0
37.4217417 0 0 -122.0830933 0 0
37.4217449 0 0 -122.0830919 0 0
37.4217481 0 0 -122.0830906 0 0
37.4217514 0 0 -122.0830893 0 0
37.4217546 0 0 -122.0830880 0 0
37.4217579 0 0 -122.0830867 0 0
37.4217611 0 0 -122.0830854 0 0
37.4217644 0 0 -122.0830842 0 0
37.4217676 0 0 -122.0830830 0 0
37.4217709 0 0 -122.0830817 0 0
37.4217741 0 0 -122.0830805 0 0
37.4217774 0 0 -122.0830794 0 0
37.4217807 0 0 -122.0830782 0 0
37.4217839 0 0 -122.0830771 0 0
37.4217872 0 0 -122.0830759 0 0
37.4217905 0 0 -122.0830748 0 0
37.4217938 0 0 -122.0830737 0 0
37.4217971 0 0 -122.0830727 0 0
37.4218004 0 0 -122.0830716 0 0
37.4218037 0 0 -122.0830706 0 0
37.4218069 0 0 -122.0830696 0 0
37.4218103 0 0 -122.0830685 0 0
37.4218136 0 0 -122.0830676 0 0
37.4218169 0 0 -122.0830666 0 0
37.4218202 0 0 -122.0830656 0 0
37.4218235 0 0 -122.0830647 0 0
37.4218268 0 0 -122.0830638 0 0
37.4218301 0 0 -122.0830629 0 0
37.4218335 0 0 -122.0830620 0 0
37.4218368 0 0 -122.0830611 0 0
37.4218401 0 0 -122.0830603 0 0
37.4218434 0 0 -122.0830595 0 0
37.4218468 0 0 -122.0830586 0 0
37.4218501 0 0 -122.0830579 0 0
37.4218535 0 0 -122.0830571 0 0
37.4218568 0 0 -122.0830563 0 0
37.4218601 0 0 -122.0830556 0 0
37.4218635 0 0 -122.0830548 0 0
37.4218668 0 0 -122.0830541 0 0
37.4218702 0 0 -122.0830535 0 0
37.4218736 0 0 -122.0830528 0 0
37.4218769 0 0 -122.0830521 0 0
37.4218803 0 0 -122.0830515 0 0
37.4218836 0 0 -122.0830509 0 0
37.4218870 0 0 -122.0830503 0 0
37.4218904 0 0 -122.0830497 0 0
37.4218937 0 0 -122.0830491 0 0
37.4218971 0 0 -122.0830486 0 0
37.4219005 0 0 -122.0830480 0 0
37.4219038 0 0 -122.0830475 0 0
37.4219072 0 0 -122.0830470 0 0
37.4219106 0 0 -122.0830466 0 0
37.4219140 0 0 -122.0830461 0 0
37.4219174 0 0 -122.0830456 0 0
37.4219207 0 0 -122.0830452 0 0
37.4219241 0 0 -122.0830448 0 0
37.4219275 0 0 -122.0830444 0 0
37.4219309 0 0 -122.0830441 0 0
37.4219343 0 0 -122.0830437 0 0
37.4219377 0 0 -122.0830434 0 0
37.4219410 0 0 -122.0830431 0 0
37.4219444 0 0 -122.0830428 0 0
37.4219478 0 0 -122.0830425 0 0
37.4219512 0 0 -122.0830422 0 0
37.4219546 0 0 -122.0830420 0 0
37.4219580 0 0 -122.0830417 0 0
37.4219614 0 0 -122.0830415 0 0
37.4219648 0 0 -122.0830413 0 0
37.4219682 0 0 -122.0830412 0 0
37.4219716 0 0 -122.0830410 0 0
37.4219750 0 0 -122.0830409 0 0
37.4219784 0 0 -122.0830407 0 0
37.4219818 0 0 -122.0830406 0 0
37.4219852 0 0 -122.0830405 0 0
37.4219920 0 0 -122.0830404 0 0
