#start_norm 0.9006205 0.0000368
37 25 19.1712000 -122 4 58.9454400
37 25 19.1834400 -122 4 58.9454401
37 25 19.1956800 -122 4 58.9454400
37 25 19.2079200 -122 4 58.9454401
37 25 19.2201600 -122 4 58.9454400
37 25 19.2324000 -122 4 58.9454401
37 25 19.2446400 -122 4 58.9458001
37 25 19.2565200 -122 4 58.9461601
37 25 19.2687600 -122 4 58.9465201
37 25 19.2810000 -122 4 58.9468801
37 25 19.2932400 -122 4 58.9472400
37 25 19.3054800 -122 4 58.9476000
37 25 19.3177200 -122 4 58.9483199
37 25 19.3299600 -122 4 58.9490400
37 25 19.3422000 -122 4 58.9497601
37 25 19.3544400 -122 4 58.9504799
37 25 19.3666800 -122 4 58.9512000
37 25 19.3789200 -122 4 58.9522800
37 25 19.3911600 -122 4 58.9533600
37 25 19.4034000 -122 4 58.9544400
37 25 19.4156400 -122 4 58.9555199
37 25 19.4278800 -122 4 58.9565999
37 25 19.4397600 -122 4 58.9576799
37 25 19.4520000 -122 4 58.9591200
37 25 19.4642400 -122 4 58.9605601
37 25 19.4764800 -122 4 58.9619999
37 25 19.4887200 -122 4 58.9634400
37 25 19.5009600 -122 4 58.9648801
37 25 19.5128400 -122 4 58.9666801
37 25 19.5250800 -122 4 58.9681199
37 25 19.5373200 -122 4 58.9699199
37 25 19.5495600 -122 4 58.9717201
37 25 19.5614400 -122 4 58.9735201
37 25 19.5736800 -122 4 58.9756799
37 25 19.5859200 -122 4 58.9774801
37 25 19.5978000 -122 4 58.9796400
37 25 19.6100400 -122 4 58.9818000
37 25 19.6222800 -122 4 58.9839601
37 25 19.6341600 -122 4 58.9861200
37 25 19.6464000 -122 4 58.9886399
37 25 19.6582800 -122 4 58.9908000
37 25 19.6705200 -122 4 58.9933200
37 25 19.6827600 -122 4 58.9958399
37 25 19.6946400 -122 4 58.9983599
37 25 19.7068800 -122 4 59.0008801
37 25 19.7187600 -122 4 59.0037599
37 25 19.7306400 -122 4 59.0066400
37 25 19.7428800 -122 4 59.0091600
37 25 19.7547600 -122 4 59.0120400
37 25 19.7670000 -122 4 59.0152800
37 25 19.7788800 -122 4 59.0181601
37 25 19.7907600 -122 4 59.0210399
37 25 19.8026400 -122 4 59.0242799
37 25 19.8148800 -122 4 59.0275201
37 25 19.8267600 -122 4 59.0307600
37 25 19.8386400 -122 4 59.0340000
37 25 19.8505200 -122 4 59.0376001
37 25 19.8624000 -122 4 59.0408400
37 25 19.8742800 -122 4 59.0444401
37 25 19.8861600 -122 4 59.0480399
37 25 19.8980400 -122 4 59.0516400
37 25 19.9099200 -122 4 59.0552401
37 25 19.9218000 -122 4 59.0592000
37 25 19.9336800 -122 4 59.0631600
37 25 19.9455600 -122 4 59.0667601
37 25 19.9574400 -122 4 59.0707200
37 25 19.9693200 -122 4 59.0746800
37 25 19.9808400 -122 4 59.0790001
37 25 19.9927200 -122 4 59.0829600
37 25 20.0046000 -122 4 59.0872801
37 25 20.0161200 -122 4 59.0916000
37 25 20.0280000 -122 4 59.0959200
37 25 20.0398801 -122 4 59.1002401
37 25 20.0514000 -122 4 59.1045599
37 25 20.0632800 -122 4 59.1092399
37 25 20.0748001 -122 4 59.1135600
37 25 20.0863200 -122 4 59.1182400
37 25 20.0982000 -122 4 59.1229199
37 25 20.1097200 -122 4 59.1279600
37 25 20.1212401 -122 4 59.1326399
37 25 20.1331200 -122 4 59.1373199
37 25 20.1446400 -122 4 59.1423600
37 25 20.1561600 -122 4 59.1474001
37 25 20.1676800 -122 4 59.1524399
37 25 20.1792000 -122 4 59.1574800
37 25 20.1907200 -122 4 59.1628800
37 25 20.2022400 -122 4 59.1679200
37 25 20.2137600 -122 4 59.1733200
37 25 20.2252800 -122 4 59.1787200
37 25 20.2364401 -122 4 59.1841200
37 25 20.2479601 -122 4 59.1895199
37 25 20.2594801 -122 4 59.1949199
37 25 20.2710000 -122 4 59.2006800
37 25 20.2821600 -122 4 59.2064401
37 25 20.2936801 -122 4 59.2121999
37 25 20.3048400 -122 4 59.2179600
37 25 20.3163600 -122 4 59.2237201
37 25 20.3275200 -122 4 59.2294799
37 25 20.3386801 -122 4 59.2355999
37 25 20.3498400 -122 4 59.2413600
37 25 20.3613600 -122 4 59.2474800
37 25 20.3725200 -122 4 59.2536000
37 25 20.3836801 -122 4 59.2597199
37 25 20.3948400 -122 4 59.2662000
37 25 20.4060000 -122 4 59.2723200
37 25 20.4171600 -122 4 59.2788001
37 25 20.4283201 -122 4 59.2852800
37 25 20.4391201 -122 4 59.2917601
37 25 20.4502801 -122 4 59.2982400
37 25 20.4614400 -122 4 59.3047201
37 25 20.4722401 -122 4 59.3115601
37 25 20.4834000 -122 4 59.3184000
37 25 20.4945600 -122 4 59.3248799
37 25 20.5053600 -122 4 59.3317201
37 25 20.5161601 -122 4 59.3385599
37 25 20.5273201 -122 4 59.3457600
37 25 20.5381200 -122 4 59.3526000
37 25 20.5489200 -122 4 59.3598001
37 25 20.5597201 -122 4 59.3670000
37 25 20.5705200 -122 4 59.3742001
37 25 20.5813200 -122 4 59.3814000
37 25 20.5921201 -122 4 59.3886001
37 25 20.6029200 -122 4 59.3958000
37 25 20.6137200 -122 4 59.4033600
37 25 20.6241600 -122 4 59.4105601
37 25 20.6349601 -122 4 59.4181201
37 25 20.6454000 -122 4 59.4256801
37 25 20.6562000 -122 4 59.4336000
37 25 20.6666400 -122 4 59.4411600
37 25 20.6774400 -122 4 59.4487200
37 25 20.6878800 -122 4 59.4566399
37 25 20.6983200 -122 4 59.4645601
37 25 20.7087600 -122 4 59.4724799
37 25 20.7192000 -122 4 59.4804001
37 25 20.7296400 -122 4 59.4883200
37 25 20.7400800 -122 4 59.4962399
37 25 20.7505200 -122 4 59.5045201
37 25 20.7609600 -122 4 59.5127999
37 25 20.7710400 -122 4 59.5210800
37 25 20.7814800 -122 4 59.5293600
37 25 20.7919200 -122 4 59.5376400
37 25 20.8019999 -122 4 59.5459200
37 25 20.8120801 -122 4 59.5545600
37 25 20.8225201 -122 4 59.5628400
37 25 20.8326000 -122 4 59.5714801
37 25 20.8426800 -122 4 59.5801201
37 25 20.8527599 -122 4 59.5887600
37 25 20.8628401 -122 4 59.5974001
37 25 20.8729200 -122 4 59.6060401
37 25 20.8830001 -122 4 59.6150399
37 25 20.8927201 -122 4 59.6236800
37 25 20.9028001 -122 4 59.6326801
37 25 20.9128800 -122 4 59.6416801
37 25 20.9226001 -122 4 59.6506799
37 25 20.9326801 -122 4 59.6596800
37 25 20.9424001 -122 4 59.6690399
37 25 20.9521200 -122 4 59.6780400
37 25 20.9618400 -122 4 59.6873999
37 25 20.9715600 -122 4 59.6967601
37 25 20.9812800 -122 4 59.7061201
37 25 20.9910000 -122 4 59.7154800
37 25 21.0007199 -122 4 59.7248399
37 25 21.0104399 -122 4 59.7341999
37 25 21.0198001 -122 4 59.7439200
37 25 21.0295201 -122 4 59.7532799
37 25 21.0388800 -122 4 59.7630000
37 25 21.0482400 -122 4 59.7727201
37 25 21.0579600 -122 4 59.7824402
37 25 21.0673200 -122 4 59.7921600
37 25 21.0766800 -122 4 59.8022400
37 25 21.0860400 -122 4 59.8119601
37 25 21.0954000 -122 4 59.8220400
37 25 21.1047599 -122 4 59.8317601
37 25 21.1137600 -122 4 59.8418399
37 25 21.1231201 -122 4 59.8519201
37 25 21.1321200 -122 4 59.8620001
37 25 21.1414801 -122 4 59.8724399
37 25 21.1504800 -122 4 59.8825201
37 25 21.1594800 -122 4 59.8929600
37 25 21.1688400 -122 4 59.9030400
37 25 21.1778400 -122 4 59.9134801
37 25 21.1868400 -122 4 59.9239199
37 25 21.1954800 -122 4 59.9343601
37 25 21.2044800 -122 4 59.9448000
37 25 21.2134800 -122 4 59.9552401
37 25 21.2221201 -122 4 59.9660401
37 25 21.2311200 -122 4 59.9768401
37 25 21.2397600 -122 4 59.9872800
37 25 21.2484000 -122 4 59.9980800
37 25 21.2574001 -122 5 0.0088800
37 25 21.2660400 -122 5 0.0196800
37 25 21.2746799 -122 5 0.0304800
37 25 21.2833200 -122 5 0.0416401
37 25 21.2916000 -122 5 0.0524402
37 25 21.3002400 -122 5 0.0636001
37 25 21.3085200 -122 5 0.0744001
37 25 21.3171600 -122 5 0.0855600
37 25 21.3254401 -122 5 0.0967199
37 25 21.3337200 -122 5 0.1078798
37 25 21.3423600 -122 5 0.1190400
37 25 21.3506400 -122 5 0.1305600
37 25 21.3589201 -122 5 0.1417199
37 25 21.3668399 -122 5 0.1532400
37 25 21.3751200 -122 5 0.1644002
37 25 21.3834000 -122 5 0.1759200
37 25 21.3913201 -122 5 0.1874400
37 25 21.3996000 -122 5 0.1989601
37 25 21.4075201 -122 5 0.2104799
37 25 21.4154400 -122 5 0.2223601
37 25 21.4233601 -122 5 0.2338799
37 25 21.4312800 -122 5 0.2457601
37 25 21.4392000 -122 5 0.2572799
37 25 21.4471200 -122 5 0.2691601
37 25 21.4546800 -122 5 0.2810401
37 25 21.4626001 -122 5 0.2929200
37 25 21.4701601 -122 5 0.3048000
37 25 21.4780800 -122 5 0.3166799
37 25 21.4856400 -122 5 0.3285601
37 25 21.4932001 -122 5 0.3408000
37 25 21.5007601 -122 5 0.3526799
37 25 21.5083200 -122 5 0.3649200
37 25 21.5158801 -122 5 0.3771601
37 25 21.5230799 -122 5 0.3890399
37 25 21.5306400 -122 5 0.4012800
37 25 21.5378400 -122 5 0.4135201
37 25 21.5450400 -122 5 0.4261201
37 25 21.5526001 -122 5 0.4383602
37 25 21.5598000 -122 5 0.4506000
37 25 21.5670001 -122 5 0.4632000
37 25 21.5738401 -122 5 0.4754399
37 25 21.5810399 -122 5 0.4880399
37 25 21.5882400 -122 5 0.5006399
37 25 21.5950801 -122 5 0.5132399
37 25 21.6022801 -122 5 0.5258399
37 25 21.6091200 -122 5 0.5384399
37 25 21.6159599 -122 5 0.5510400
37 25 21.6228000 -122 5 0.5636400
37 25 21.6296400 -122 5 0.5766000
37 25 21.6364801 -122 5 0.5892000
37 25 21.6429600 -122 5 0.6021599
37 25 21.6498000 -122 5 0.6151200
37 25 21.6562799 -122 5 0.6277200
37 25 21.6631199 -122 5 0.6406800
37 25 21.6696000 -122 5 0.6536399
37 25 21.6760800 -122 5 0.6666000
37 25 21.6825601 -122 5 0.6795600
37 25 21.6890400 -122 5 0.6928800
37 25 21.6951600 -122 5 0.7058400
37 25 21.7016401 -122 5 0.7191599
37 25 21.7077600 -122 5 0.7321200
37 25 21.7142400 -122 5 0.7454401
37 25 21.7203601 -122 5 0.7584000
37 25 21.7264801 -122 5 0.7717200
37 25 21.7326001 -122 5 0.7850400
37 25 21.7387201 -122 5 0.7983600
37 25 21.7448401 -122 5 0.8116800
37 25 21.7506000 -122 5 0.8250000
37 25 21.7567201 -122 5 0.8386800
37 25 21.7624800 -122 5 0.8520001
37 25 21.7682401 -122 5 0.8656800
37 25 21.7740000 -122 5 0.8790000
37 25 21.7797600 -122 5 0.8926800
37 25 21.7855200 -122 5 0.9060001
37 25 21.7912800 -122 5 0.9196800
37 25 21.7966800 -122 5 0.9333600
37 25 21.8024400 -122 5 0.9470400
37 25 21.8078400 -122 5 0.9607201
37 25 21.8132400 -122 5 0.9744001
37 25 21.8190000 -122 5 0.9880801
37 25 21.8240401 -122 5 1.0017601
37 25 21.8294400 -122 5 1.0158000
37 25 21.8348400 -122 5 1.0294800
37 25 21.8402399 -122 5 1.0435201
37 25 21.8452800 -122 5 1.0572001
37 25 21.8503200 -122 5 1.0712400
37 25 21.8557201 -122 5 1.0852799
37 25 21.8607600 -122 5 1.0989599
37 25 21.8658000 -122 5 1.1130001
37 25 21.8704800 -122 5 1.1270400
37 25 21.8755200 -122 5 1.1410801
37 25 21.8805600 -122 5 1.1551200
37 25 21.8852400 -122 5 1.1691599
37 25 21.8899200 -122 5 1.1835600
37 25 21.8946000 -122 5 1.1975999
37 25 21.8992800 -122 5 1.2116401
37 25 21.9039600 -122 5 1.2260401
37 25 21.9086400 -122 5 1.2400800
37 25 21.9133199 -122 5 1.2544801
37 25 21.9176400 -122 5 1.2685200
37 25 21.9219600 -122 5 1.2829201
37 25 21.9266400 -122 5 1.2973199
37 25 21.9309600 -122 5 1.3117200
37 25 21.9352801 -122 5 1.3257599
37 25 21.9396001 -122 5 1.3401600
37 25 21.9435599 -122 5 1.3545601
37 25 21.9478799 -122 5 1.3689599
37 25 21.9518401 -122 5 1.3837201
37 25 21.9557999 -122 5 1.3981200
37 25 21.9601199 -122 5 1.4125200
37 25 21.9640800 -122 5 1.4269199
37 25 21.9680399 -122 5 1.4416801
37 25 21.9716401 -122 5 1.4560800
37 25 21.9756000 -122 5 1.4708399
37 25 21.9791999 -122 5 1.4852401
37 25 21.9831601 -122 5 1.5000000
37 25 21.9867600 -122 5 1.5143999
37 25 21.9903600 -122 5 1.5291599
37 25 21.9939600 -122 5 1.5439199
37 25 21.9975600 -122 5 1.5586799
37 25 22.0008000 -122 5 1.5730800
37 25 22.0044000 -122 5 1.5878400
37 25 22.0076401 -122 5 1.6026000
37 25 22.0112399 -122 5 1.6173600
37 25 22.0144800 -122 5 1.6321201
37 25 22.0177201 -122 5 1.6468801
37 25 22.0206001 -122 5 1.6620000
37 25 22.0238400 -122 5 1.6767600
37 25 22.0270801 -122 5 1.6915200
37 25 22.0299600 -122 5 1.7062801
37 25 22.0328400 -122 5 1.7214000
37 25 22.0360801 -122 5 1.7361600
37 25 22.0389601 -122 5 1.7509200
37 25 22.0414800 -122 5 1.7660400
37 25 22.0443601 -122 5 1.7808000
37 25 22.0472401 -122 5 1.7959199
37 25 22.0497599 -122 5 1.8106800
37 25 22.0526400 -122 5 1.8257999
37 25 22.0551601 -122 5 1.8409201
37 25 22.0576801 -122 5 1.8556799
37 25 22.0602000 -122 5 1.8708001
37 25 22.0623601 -122 5 1.8859201
37 25 22.0648799 -122 5 1.9006799
37 25 22.0674000 -122 5 1.9158001
37 25 22.0695600 -122 5 1.9309200
37 25 22.0717199 -122 5 1.9460400
37 25 22.0738801 -122 5 1.9611600
37 25 22.0760401 -122 5 1.9762799
37 25 22.0782000 -122 5 1.9913999
37 25 22.0800000 -122 5 2.0065199
37 25 22.0821600 -122 5 2.0216401
37 25 22.0839600 -122 5 2.0367601
37 25 22.0861200 -122 5 2.0518800
37 25 22.0879200 -122 5 2.0670000
37 25 22.0897200 -122 5 2.0821200
37 25 22.0911600 -122 5 2.0975999
37 25 22.0929600 -122 5 2.1127199
37 25 22.0947601 -122 5 2.1278401
37 25 22.0961999 -122 5 2.1429599
37 25 22.0976401 -122 5 2.1584400
37 25 22.0990800 -122 5 2.1735600
37 25 22.1005201 -122 5 2.1886800
37 25 22.1019600 -122 5 2.2038000
37 25 22.1034000 -122 5 2.2192799
37 25 22.1044801 -122 5 2.2343999
37 25 22.1059201 -122 5 2.2498801
37 25 22.1070001 -122 5 2.2650001
37 25 22.1080800 -122 5 2.2801199
37 25 22.1091600 -122 5 2.2956000
37 25 22.1102400 -122 5 2.3107201
37 25 22.1109601 -122 5 2.3262000
37 25 22.1120401 -122 5 2.3413200
37 25 22.1127600 -122 5 2.3568000
37 25 22.1138401 -122 5 2.3719200
37 25 22.1145600 -122 5 2.3873999
37 25 22.1152800 -122 5 2.4025200
37 25 22.1156400 -122 5 2.4179999
37 25 22.1163600 -122 5 2.4331200
37 25 22.1170800 -122 5 2.4485999
37 25 22.1174401 -122 5 2.4640801
37 25 22.1178000 -122 5 2.4791999
37 25 22.1181600 -122 5 2.4946801
37 25 22.1185201 -122 5 2.5097999
37 25 22.1188800 -122 5 2.5252799
37 25 22.1192401 -122 5 2.5404000
37 25 22.1192400 -122 5 2.5558799
37 25 22.1195999 -122 5 2.5713601
37 25 22.1196001 -122 5 2.5864800
37 25 22.1196001 -122 5 2.6019599
37 25 22.1196001 -122 5 2.6170800
37 25 22.1196001 -122 5 2.6325600
37 25 22.1195999 -122 5 2.6480400
37 25 22.1192400 -122 5 2.6631601
37 25 22.1192400 -122 5 2.6786401
37 25 22.1188800 -122 5 2.6937599
37 25 22.1185201 -122 5 2.7092399
37 25 22.1181600 -122 5 2.7247199
37 25 22.1178000 -122 5 2.7398400
37 25 22.1174399 -122 5 2.7553200
37 25 22.1167200 -122 5 2.7704399
37 25 22.1163601 -122 5 2.7859199
37 25 22.1156400 -122 5 2.8010400
37 25 22.1149200 -122 5 2.8165200
37 25 22.1141999 -122 5 2.8320000
37 25 22.1134800 -122 5 2.8471199
37 25 22.1124001 -122 5 2.8626000
37 25 22.1116799 -122 5 2.8777201
37 25 22.1106000 -122 5 2.8931999
37 25 22.1098801 -122 5 2.9083200
37 25 22.1088000 -122 5 2.9234399
37 25 22.1077200 -122 5 2.9389200
37 25 22.1066400 -122 5 2.9540401
37 25 22.1052001 -122 5 2.9695199
37 25 22.1041200 -122 5 2.9846401
37 25 22.1026800 -122 5 2.9997602
37 25 22.1016001 -122 5 3.0152398
37 25 22.1001601 -122 5 3.0303599
37 25 22.0987201 -122 5 3.0454801
37 25 22.0972800 -122 5 3.0609602
37 25 22.0954801 -122 5 3.0760799
37 25 22.0940401 -122 5 3.0912000
37 25 22.0922400 -122 5 3.1063202
37 25 22.0908001 -122 5 3.1217998
37 25 22.0890000 -122 5 3.1369200
37 25 22.0872000 -122 5 3.1520402
37 25 22.0854001 -122 5 3.1671599
37 25 22.0832401 -122 5 3.1822801
37 25 22.0814399 -122 5 3.1973998
37 25 22.0792801 -122 5 3.2125200
37 25 22.0774800 -122 5 3.2276402
37 25 22.0753201 -122 5 3.2427599
37 25 22.0731600 -122 5 3.2578801
37 25 22.0710000 -122 5 3.2729999
37 25 22.0688399 -122 5 3.2881201
37 25 22.0663199 -122 5 3.3032398
37 25 22.0641601 -122 5 3.3183600
37 25 22.0616400 -122 5 3.3331199
37 25 22.0591200 -122 5 3.3482401
37 25 22.0566000 -122 5 3.3633598
37 25 22.0540800 -122 5 3.3781202
37 25 22.0515600 -122 5 3.3932399
37 25 22.0490400 -122 5 3.4083602
37 25 22.0461600 -122 5 3.4231200
37 25 22.0432800 -122 5 3.4382398
37 25 22.0407600 -122 5 3.4530002
37 25 22.0378800 -122 5 3.4681199
37 25 22.0350000 -122 5 3.4828798
37 25 22.0317601 -122 5 3.4976402
37 25 22.0288800 -122 5 3.5127599
37 25 22.0260000 -122 5 3.5275198
37 25 22.0227600 -122 5 3.5422802
37 25 22.0195201 -122 5 3.5570401
37 25 22.0162799 -122 5 3.5718000
37 25 22.0130401 -122 5 3.5869198
37 25 22.0097999 -122 5 3.6016802
37 25 22.0065600 -122 5 3.6164401
37 25 22.0029600 -122 5 3.6308401
37 25 21.9997201 -122 5 3.6456000
37 25 21.9961200 -122 5 3.6603599
37 25 21.9925199 -122 5 3.6751198
37 25 21.9889201 -122 5 3.6898802
37 25 21.9853201 -122 5 3.7042798
37 25 21.9817200 -122 5 3.7190402
37 25 21.9781199 -122 5 3.7338001
37 25 21.9741600 -122 5 3.7482002
37 25 21.9702000 -122 5 3.7626002
37 25 21.9666001 -122 5 3.7773601
37 25 21.9626400 -122 5 3.7917602
37 25 21.9586800 -122 5 3.8065201
37 25 21.9543599 -122 5 3.8209202
37 25 21.9504000 -122 5 3.8353198
37 25 21.9464399 -122 5 3.8497198
37 25 21.9421201 -122 5 3.8641199
37 25 21.9378001 -122 5 3.8785200
37 25 21.9334801 -122 5 3.8929200
37 25 21.9291600 -122 5 3.9073201
37 25 21.9248400 -122 5 3.9217202
37 25 21.9205201 -122 5 3.9357599
37 25 21.9162001 -122 5 3.9501600
37 25 21.9115201 -122 5 3.9645601
37 25 21.9068400 -122 5 3.9785998
37 25 21.9025200 -122 5 3.9929999
37 25 21.8978400 -122 5 4.0070401
37 25 21.8931601 -122 5 4.0210798
37 25 21.8881200 -122 5 4.0354799
37 25 21.8834400 -122 5 4.0495201
37 25 21.8787601 -122 5 4.0635598
37 25 21.8737199 -122 5 4.0776001
37 25 21.8686800 -122 5 4.0916398
37 25 21.8640001 -122 5 4.1056800
37 25 21.8589599 -122 5 4.1197198
37 25 21.8535599 -122 5 4.1334001
37 25 21.8485200 -122 5 4.1474399
37 25 21.8434800 -122 5 4.1614801
37 25 21.8380800 -122 5 4.1751600
37 25 21.8330400 -122 5 4.1892002
37 25 21.8276400 -122 5 4.2028801
37 25 21.8222400 -122 5 4.2165600
37 25 21.8168401 -122 5 4.2306002
37 25 21.8114401 -122 5 4.2442801
37 25 21.8060401 -122 5 4.2579600
37 25 21.8002799 -122 5 4.2716399
37 25 21.7948799 -122 5 4.2853202
37 25 21.7891200 -122 5 4.2990001
37 25 21.7833600 -122 5 4.3123202
37 25 21.7779600 -122 5 4.3260000
37 25 21.7722001 -122 5 4.3396799
37 25 21.7660801 -122 5 4.3530000
37 25 21.7603201 -122 5 4.3663200
37 25 21.7545600 -122 5 4.3799999
37 25 21.7484400 -122 5 4.3933199
37 25 21.7426800 -122 5 4.4066399
37 25 21.7365600 -122 5 4.4199600
37 25 21.7304401 -122 5 4.4332800
37 25 21.7243199 -122 5 4.4466000
37 25 21.7182000 -122 5 4.4599201
37 25 21.7117201 -122 5 4.4732401
37 25 21.7056001 -122 5 4.4861998
37 25 21.6994801 -122 5 4.4995198
37 25 21.6930000 -122 5 4.5124800
37 25 21.6865200 -122 5 4.5254402
37 25 21.6800401 -122 5 4.5387602
37 25 21.6735599 -122 5 4.5517199
37 25 21.6670800 -122 5 4.5646801
37 25 21.6606000 -122 5 4.5776398
37 25 21.6541200 -122 5 4.5905999
37 25 21.6472800 -122 5 4.6032002
37 25 21.6408001 -122 5 4.6161599
37 25 21.6339600 -122 5 4.6291201
37 25 21.6271200 -122 5 4.6417199
37 25 21.6202800 -122 5 4.6543198
37 25 21.6134401 -122 5 4.6672799
37 25 21.6066001 -122 5 4.6798798
37 25 21.5997599 -122 5 4.6924801
37 25 21.5925600 -122 5 4.7050799
37 25 21.5857200 -122 5 4.7176802
37 25 21.5785201 -122 5 4.7302801
37 25 21.5713201 -122 5 4.7425200
37 25 21.5641200 -122 5 4.7551199
37 25 21.5569200 -122 5 4.7673598
37 25 21.5497201 -122 5 4.7799601
37 25 21.5425201 -122 5 4.7922001
37 25 21.5353201 -122 5 4.8044401
37 25 21.5277599 -122 5 4.8166800
37 25 21.5205599 -122 5 4.8289200
37 25 21.5130000 -122 5 4.8411600
37 25 21.5054400 -122 5 4.8530401
37 25 21.4978801 -122 5 4.8652800
37 25 21.4903200 -122 5 4.8771601
37 25 21.4827601 -122 5 4.8894001
37 25 21.4752001 -122 5 4.9012802
37 25 21.4676401 -122 5 4.9131598
37 25 21.4597201 -122 5 4.9250399
37 25 21.4521601 -122 5 4.9369200
37 25 21.4442399 -122 5 4.9488002
37 25 21.4363200 -122 5 4.9606798
37 25 21.4284000 -122 5 4.9722000
37 25 21.4204800 -122 5 4.9840801
37 25 21.4125600 -122 5 4.9955999
37 25 21.4046399 -122 5 5.0071201
37 25 21.3967201 -122 5 5.0186399
37 25 21.3884399 -122 5 5.0301601
37 25 21.3805201 -122 5 5.0416799
37 25 21.3722399 -122 5 5.0532001
37 25 21.3639600 -122 5 5.0647199
37 25 21.3556801 -122 5 5.0758802
37 25 21.3474000 -122 5 5.0874000
37 25 21.3391201 -122 5 5.0985599
37 25 21.3308401 -122 5 5.1097198
37 25 21.3225600 -122 5 5.1208801
37 25 21.3139200 -122 5 5.1320400
37 25 21.3056400 -122 5 5.1431999
37 25 21.2970001 -122 5 5.1540000
37 25 21.2887201 -122 5 5.1651598
37 25 21.2800800 -122 5 5.1759599
37 25 21.2714400 -122 5 5.1871198
37 25 21.2627999 -122 5 5.1979198
37 25 21.2541601 -122 5 5.2087198
37 25 21.2455200 -122 5 5.2195198
37 25 21.2365200 -122 5 5.2303199
37 25 21.2278801 -122 5 5.2407600
37 25 21.2192400 -122 5 5.2515600
37 25 21.2102401 -122 5 5.2620002
37 25 21.2012400 -122 5 5.2724399
37 25 21.1922400 -122 5 5.2832399
37 25 21.1836001 -122 5 5.2936801
37 25 21.1746001 -122 5 5.3037599
37 25 21.1656000 -122 5 5.3142000
37 25 21.1562400 -122 5 5.3246402
37 25 21.1472401 -122 5 5.3347200
37 25 21.1382400 -122 5 5.3451601
37 25 21.1288801 -122 5 5.3552400
37 25 21.1198801 -122 5 5.3653202
37 25 21.1105200 -122 5 5.3754000
37 25 21.1011599 -122 5 5.3854799
37 25 21.0917999 -122 5 5.3951998
37 25 21.0828000 -122 5 5.4052801
37 25 21.0734400 -122 5 5.4150000
37 25 21.0637200 -122 5 5.4250798
37 25 21.0543600 -122 5 5.4347998
37 25 21.0450000 -122 5 5.4445202
37 25 21.0356400 -122 5 5.4542401
37 25 21.0259200 -122 5 5.4636002
37 25 21.0165601 -122 5 5.4733201
37 25 21.0068401 -122 5 5.4826802
37 25 20.9971200 -122 5 5.4924001
37 25 20.9874000 -122 5 5.5017602
37 25 20.9776800 -122 5 5.5111198
37 25 20.9679600 -122 5 5.5204799
37 25 20.9582401 -122 5 5.5294801
37 25 20.9485201 -122 5 5.5388401
37 25 20.9388000 -122 5 5.5478399
37 25 20.9290800 -122 5 5.5571999
37 25 20.9190000 -122 5 5.5662001
37 25 20.9092799 -122 5 5.5751998
37 25 20.8991999 -122 5 5.5842000
37 25 20.8891200 -122 5 5.5928399
37 25 20.8794000 -122 5 5.6018401
37 25 20.8693201 -122 5 5.6104799
37 25 20.8592401 -122 5 5.6194801
37 25 20.8491600 -122 5 5.6281200
37 25 20.8390800 -122 5 5.6367598
37 25 20.8290000 -122 5 5.6454002
37 25 20.8185600 -122 5 5.6536802
37 25 20.8084800 -122 5 5.6623200
37 25 20.7984000 -122 5 5.6706000
37 25 20.7879600 -122 5 5.6792398
37 25 20.7778800 -122 5 5.6875198
37 25 20.7674400 -122 5 5.6957998
37 25 20.7570000 -122 5 5.7037199
37 25 20.7469201 -122 5 5.7119999
37 25 20.7364800 -122 5 5.7202798
37 25 20.7260401 -122 5 5.7281999
37 25 20.7156001 -122 5 5.7361201
37 25 20.7051600 -122 5 5.7440402
37 25 20.6947200 -122 5 5.7519598
37 25 20.6839200 -122 5 5.7598799
37 25 20.6734800 -122 5 5.7674401
37 25 20.6630400 -122 5 5.7753598
37 25 20.6522400 -122 5 5.7829200
37 25 20.6418000 -122 5 5.7904802
37 25 20.6310000 -122 5 5.7980400
37 25 20.6205601 -122 5 5.8056002
37 25 20.6097601 -122 5 5.8131600
37 25 20.5989600 -122 5 5.8203599
37 25 20.5881600 -122 5 5.8279201
37 25 20.5773600 -122 5 5.8351200
37 25 20.5665600 -122 5 5.8423199
37 25 20.5557600 -122 5 5.8495198
37 25 20.5449601 -122 5 5.8563598
37 25 20.5341600 -122 5 5.8635601
37 25 20.5233600 -122 5 5.8704002
37 25 20.5122000 -122 5 5.8772402
37 25 20.5014000 -122 5 5.8844401
37 25 20.4906000 -122 5 5.8909202
37 25 20.4794400 -122 5 5.8977602
37 25 20.4682800 -122 5 5.9046002
37 25 20.4574800 -122 5 5.9110799
37 25 20.4463200 -122 5 5.9179199
37 25 20.4351601 -122 5 5.9244001
37 25 20.4243600 -122 5 5.9308802
37 25 20.4132000 -122 5 5.9370000
37 25 20.4020401 -122 5 5.9434801
37 25 20.3908800 -122 5 5.9495999
37 25 20.3797200 -122 5 5.9560800
37 25 20.3685601 -122 5 5.9621998
37 25 20.3570401 -122 5 5.9683201
37 25 20.3458800 -122 5 5.9744399
37 25 20.3347201 -122 5 5.9801998
37 25 20.3235600 -122 5 5.9863201
37 25 20.3120400 -122 5 5.9920800
37 25 20.3008800 -122 5 5.9978399
37 25 20.2893600 -122 5 6.0035998
37 25 20.2782001 -122 5 6.0093598
37 25 20.2666800 -122 5 6.0151202
37 25 20.2551600 -122 5 6.0205202
37 25 20.2440000 -122 5 6.0262801
37 25 20.2324800 -122 5 6.0316802
37 25 20.2209601 -122 5 6.0370802
37 25 20.2094400 -122 5 6.0421199
37 25 20.1979201 -122 5 6.0475200
37 25 20.1864000 -122 5 6.0529200
37 25 20.1748800 -122 5 6.0579602
37 25 20.1633600 -122 5 6.0629999
37 25 20.1518400 -122 5 6.0680401
37 25 20.1403201 -122 5 6.0730802
37 25 20.1288000 -122 5 6.0777600
37 25 20.1172800 -122 5 6.0828002
37 25 20.1054000 -122 5 6.0874800
37 25 20.0938800 -122 5 6.0921599
37 25 20.0823600 -122 5 6.0968402
37 25 20.0704801 -122 5 6.1015200
37 25 20.0589600 -122 5 6.1061998
37 25 20.0470800 -122 5 6.1105198
37 25 20.0355600 -122 5 6.1152001
37 25 20.0236800 -122 5 6.1195200
37 25 20.0121600 -122 5 6.1238400
37 25 20.0002800 -122 5 6.1278000
37 25 19.9884000 -122 5 6.1321200
37 25 19.9768800 -122 5 6.1360801
37 25 19.9650000 -122 5 6.1404000
37 25 19.9531200 -122 5 6.1443601
37 25 19.9412400 -122 5 6.1483202
37 25 19.9293600 -122 5 6.1519199
37 25 19.9174800 -122 5 6.1558800
37 25 19.9056000 -122 5 6.1594802
37 25 19.8937200 -122 5 6.1634398
37 25 19.8818400 -122 5 6.1670400
37 25 19.8699600 -122 5 6.1702798
37 25 19.8580800 -122 5 6.1738800
37 25 19.8462000 -122 5 6.1774802
37 25 19.8343200 -122 5 6.1807201
37 25 19.8224400 -122 5 6.1839599
37 25 19.8105600 -122 5 6.1871998
37 25 19.7983200 -122 5 6.1904401
37 25 19.7864400 -122 5 6.1936800
37 25 19.7745600 -122 5 6.1965600
37 25 19.7623200 -122 5 6.1994399
37 25 19.7504400 -122 5 6.2026798
37 25 19.7385600 -122 5 6.2055598
37 25 19.7263200 -122 5 6.2080799
37 25 19.7144400 -122 5 6.2109599
37 25 19.7022000 -122 5 6.2134800
37 25 19.6903200 -122 5 6.2163599
37 25 19.6780800 -122 5 6.2188801
37 25 19.6662000 -122 5 6.2214002
37 25 19.6539600 -122 5 6.2235599
37 25 19.6420800 -122 5 6.2260800
37 25 19.6298400 -122 5 6.2282398
37 25 19.6179600 -122 5 6.2304000
37 25 19.6057200 -122 5 6.2325602
37 25 19.5934800 -122 5 6.2347200
37 25 19.5816000 -122 5 6.2368802
37 25 19.5693600 -122 5 6.2386801
37 25 19.5571200 -122 5 6.2408399
37 25 19.5448800 -122 5 6.2426402
37 25 19.5330000 -122 5 6.2444401
37 25 19.5207600 -122 5 6.2462400
37 25 19.5085200 -122 5 6.2476800
37 25 19.4962800 -122 5 6.2494799
37 25 19.4844000 -122 5 6.2509199
37 25 19.4721600 -122 5 6.2523599
37 25 19.4599200 -122 5 6.2537999
37 25 19.4476800 -122 5 6.2548800
37 25 19.4354400 -122 5 6.2563201
37 25 19.4232000 -122 5 6.2574002
37 25 19.4109600 -122 5 6.2588402
37 25 19.3990800 -122 5 6.2595600
37 25 19.3868400 -122 5 6.2606401
37 25 19.3746000 -122 5 6.2617198
37 25 19.3623600 -122 5 6.2624400
37 25 19.3501200 -122 5 6.2635202
37 25 19.3378800 -122 5 6.2642400
37 25 19.3256400 -122 5 6.2649602
37 25 19.3134000 -122 5 6.2656800
37 25 19.3011600 -122 5 6.2660399
37 25 19.2889200 -122 5 6.2663998
37 25 19.2766800 -122 5 6.2671201
37 25 19.2644400 -122 5 6.2674800
37 25 19.2522000 -122 5 6.2678399
37 25 19.2399600 -122 5 6.2678400
37 25 19.2277200 -122 5 6.2681999
37 25 19.2154800 -122 5 6.2681999
37 25 19.2032400 -122 5 6.2681999
37 25 19.1910000 -122 5 6.2682000
37 25 19.1787600 -122 5 6.2682000
37 25 19.1665200 -122 5 6.2682001
37 25 19.1542800 -122 5 6.2678402
37 25 19.1420400 -122 5 6.2674799
37 25 19.1298000 -122 5 6.2671201
37 25 19.1175600 -122 5 6.2667598
37 25 19.1056800 -122 5 6.2663999
37 25 19.0934400 -122 5 6.2660401
37 25 19.0812000 -122 5 6.2653199
37 25 19.0689600 -122 5 6.2646002
37 25 19.0567200 -122 5 6.2638800
37 25 19.0444800 -122 5 6.2631598
37 25 19.0322400 -122 5 6.2624401
37 25 19.0200000 -122 5 6.2613601
37 25 19.0077600 -122 5 6.2602800
37 25 18.9955200 -122 5 6.2591999
37 25 18.9832800 -122 5 6.2581199
37 25 18.9710400 -122 5 6.2570398
37 25 18.9588000 -122 5 6.2559602
37 25 18.9469200 -122 5 6.2545198
37 25 18.9346800 -122 5 6.2530799
37 25 18.9224400 -122 5 6.2516400
37 25 18.9102000 -122 5 6.2502000
37 25 18.8979600 -122 5 6.2487601
37 25 18.8860800 -122 5 6.2469598
37 25 18.8738400 -122 5 6.2455199
37 25 18.8616000 -122 5 6.2437201
37 25 18.8493600 -122 5 6.2419198
37 25 18.8374800 -122 5 6.2401200
37 25 18.8252400 -122 5 6.2379598
37 25 18.8130000 -122 5 6.2361600
37 25 18.8007600 -122 5 6.2339999
37 25 18.7888800 -122 5 6.2318402
37 25 18.7766400 -122 5 6.2296800
37 25 18.7647600 -122 5 6.2275198
37 25 18.7525200 -122 5 6.2249998
37 25 18.7402800 -122 5 6.2228402
37 25 18.7284000 -122 5 6.2203201
37 25 18.7161600 -122 5 6.2178001
37 25 18.7042800 -122 5 6.2152800
37 25 18.6920400 -122 5 6.2127600
37 25 18.6801600 -122 5 6.2098801
37 25 18.6682800 -122 5 6.2070002
37 25 18.6560400 -122 5 6.2044802
37 25 18.6441600 -122 5 6.2015998
37 25 18.6319200 -122 5 6.1983600
37 25 18.6200400 -122 5 6.1954801
37 25 18.6081600 -122 5 6.1926002
37 25 18.5962800 -122 5 6.1893599
37 25 18.5840400 -122 5 6.1861202
37 25 18.5721600 -122 5 6.1828799
37 25 18.5602800 -122 5 6.1796401
37 25 18.5484000 -122 5 6.1760400
37 25 18.5365200 -122 5 6.1728002
37 25 18.5246400 -122 5 6.1692001
37 25 18.5127600 -122 5 6.1656000
37 25 18.5008800 -122 5 6.1619998
37 25 18.4890000 -122 5 6.1584002
37 25 18.4771200 -122 5 6.1544402
37 25 18.4652400 -122 5 6.1504802
37 25 18.4533600 -122 5 6.1468801
37 25 18.4414800 -122 5 6.1429201
37 25 18.4296000 -122 5 6.1389601
37 25 18.4177200 -122 5 6.1346402
37 25 18.4062000 -122 5 6.1306802
37 25 18.3943200 -122 5 6.1263598
37 25 18.3824400 -122 5 6.1220399
37 25 18.3709200 -122 5 6.1177201
37 25 18.3590400 -122 5 6.1134002
37 25 18.3475200 -122 5 6.1090798
37 25 18.3356401 -122 5 6.1044001
37 25 18.3241200 -122 5 6.0997198
37 25 18.3122400 -122 5 6.0954000
37 25 18.3007200 -122 5 6.0907202
37 25 18.2892000 -122 5 6.0856801
37 25 18.2776800 -122 5 6.0809999
37 25 18.2658001 -122 5 6.0763201
37 25 18.2542800 -122 5 6.0712800
37 25 18.2427600 -122 5 6.0662399
37 25 18.2312400 -122 5 6.0611998
37 25 18.2197201 -122 5 6.0561602
37 25 18.2082001 -122 5 6.0507602
37 25 18.1966800 -122 5 6.0457201
37 25 18.1851600 -122 5 6.0403202
37 25 18.1736400 -122 5 6.0349202
37 25 18.1621200 -122 5 6.0295202
37 25 18.1509601 -122 5 6.0241202
37 25 18.1394400 -122 5 6.0187198
37 25 18.1279201 -122 5 6.0129599
37 25 18.1167600 -122 5 6.0072001
37 25 18.1052400 -122 5 6.0014402
37 25 18.0940801 -122 5 5.9956799
37 25 18.0825600 -122 5 5.9899201
37 25 18.0714000 -122 5 5.9841602
37 25 18.0602400 -122 5 5.9780400
37 25 18.0487200 -122 5 5.9722802
37 25 18.0375601 -122 5 5.9661599
37 25 18.0264000 -122 5 5.9600402
37 25 18.0152400 -122 5 5.9535601
37 25 18.0040801 -122 5 5.9474399
37 25 17.9929200 -122 5 5.9413202
37 25 17.9817600 -122 5 5.9348401
37 25 17.9706000 -122 5 5.9283601
37 25 17.9594401 -122 5 5.9218800
37 25 17.9486400 -122 5 5.9153999
37 25 17.9374801 -122 5 5.9089198
37 25 17.9263201 -122 5 5.9020799
37 25 17.9155200 -122 5 5.8952399
37 25 17.9043601 -122 5 5.8887599
37 25 17.8935600 -122 5 5.8819199
37 25 17.8827600 -122 5 5.8747201
37 25 17.8716000 -122 5 5.8678801
37 25 17.8608001 -122 5 5.8610402
37 25 17.8500000 -122 5 5.8538399
37 25 17.8392000 -122 5 5.8466401
37 25 17.8284000 -122 5 5.8394402
37 25 17.8176000 -122 5 5.8322399
37 25 17.8068000 -122 5 5.8250401
37 25 17.7960000 -122 5 5.8178398
37 25 17.7852000 -122 5 5.8102801
37 25 17.7747600 -122 5 5.8027199
37 25 17.7639600 -122 5 5.7955201
37 25 17.7531600 -122 5 5.7879599
37 25 17.7427200 -122 5 5.7800399
37 25 17.7322800 -122 5 5.7724802
37 25 17.7214801 -122 5 5.7649200
37 25 17.7110401 -122 5 5.7569999
37 25 17.7006000 -122 5 5.7490799
37 25 17.6901600 -122 5 5.7411598
37 25 17.6797200 -122 5 5.7332398
37 25 17.6692800 -122 5 5.7253202
37 25 17.6588400 -122 5 5.7170398
37 25 17.6484001 -122 5 5.7091202
37 25 17.6379600 -122 5 5.7008398
37 25 17.6275200 -122 5 5.6925599
37 25 17.6174401 -122 5 5.6842800
37 25 17.6070000 -122 5 5.6760001
37 25 17.5969201 -122 5 5.6677201
37 25 17.5868400 -122 5 5.6590798
37 25 17.5764000 -122 5 5.6507999
37 25 17.5663199 -122 5 5.6421601
37 25 17.5562401 -122 5 5.6335198
37 25 17.5461601 -122 5 5.6248800
37 25 17.5360801 -122 5 5.6162402
37 25 17.5260000 -122 5 5.6075999
37 25 17.5159199 -122 5 5.5985998
37 25 17.5058400 -122 5 5.5896001
37 25 17.4961199 -122 5 5.5809598
37 25 17.4860400 -122 5 5.5719602
37 25 17.4763200 -122 5 5.5629600
37 25 17.4662401 -122 5 5.5536000
37 25 17.4565201 -122 5 5.5445998
37 25 17.4468001 -122 5 5.5356001
37 25 17.4370800 -122 5 5.5262401
37 25 17.4273600 -122 5 5.5168801
37 25 17.4176401 -122 5 5.5075200
37 25 17.4079201 -122 5 5.4981600
37 25 17.3982000 -122 5 5.4888000
37 25 17.3884799 -122 5 5.4794399
37 25 17.3791199 -122 5 5.4697200
37 25 17.3694001 -122 5 5.4603600
37 25 17.3600401 -122 5 5.4506401
37 25 17.3503201 -122 5 5.4409202
37 25 17.3409601 -122 5 5.4311998
37 25 17.3316001 -122 5 5.4214799
37 25 17.3222400 -122 5 5.4114001
37 25 17.3128800 -122 5 5.4016802
37 25 17.3035201 -122 5 5.3915999
37 25 17.2941601 -122 5 5.3818800
37 25 17.2851601 -122 5 5.3718002
37 25 17.2758000 -122 5 5.3617200
37 25 17.2664401 -122 5 5.3516402
37 25 17.2574401 -122 5 5.3412000
37 25 17.2484401 -122 5 5.3311198
37 25 17.2390801 -122 5 5.3206801
37 25 17.2300799 -122 5 5.3105999
37 25 17.2210801 -122 5 5.3001602
37 25 17.2120800 -122 5 5.2897201
37 25 17.2034401 -122 5 5.2792799
37 25 17.1944401 -122 5 5.2688398
37 25 17.1854399 -122 5 5.2580402
37 25 17.1768000 -122 5 5.2476001
37 25 17.1678001 -122 5 5.2368001
37 25 17.1591600 -122 5 5.2263599
37 25 17.1501600 -122 5 5.2155599
37 25 17.1415200 -122 5 5.2047599
37 25 17.1328800 -122 5 5.1939599
37 25 17.1242400 -122 5 5.1831599
37 25 17.1156001 -122 5 5.1720000
37 25 17.1073200 -122 5 5.1611999
37 25 17.0986800 -122 5 5.1500400
37 25 17.0900401 -122 5 5.1388802
37 25 17.0817600 -122 5 5.1280801
37 25 17.0734800 -122 5 5.1169202
37 25 17.0648400 -122 5 5.1057599
37 25 17.0565601 -122 5 5.0942401
37 25 17.0482800 -122 5 5.0830802
37 25 17.0400000 -122 5 5.0719198
37 25 17.0320801 -122 5 5.0604000
37 25 17.0238000 -122 5 5.0488798
37 25 17.0155201 -122 5 5.0377199
37 25 17.0076000 -122 5 5.0262001
37 25 16.9993201 -122 5 5.0146798
37 25 16.9914000 -122 5 5.0031601
37 25 16.9834800 -122 5 4.9912799
37 25 16.9755601 -122 5 4.9797602
37 25 16.9676401 -122 5 4.9678800
37 25 16.9597200 -122 5 4.9563598
37 25 16.9518000 -122 5 4.9444801
37 25 16.9442399 -122 5 4.9326000
37 25 16.9363199 -122 5 4.9207199
37 25 16.9287601 -122 5 4.9088402
37 25 16.9208401 -122 5 4.8969601
37 25 16.9132800 -122 5 4.8850799
37 25 16.9057200 -122 5 4.8728399
37 25 16.8981600 -122 5 4.8609598
37 25 16.8906000 -122 5 4.8487202
37 25 16.8830401 -122 5 4.8364802
37 25 16.8758401 -122 5 4.8242402
37 25 16.8682800 -122 5 4.8123601
37 25 16.8610801 -122 5 4.7997602
37 25 16.8538801 -122 5 4.7875202
37 25 16.8463201 -122 5 4.7752801
37 25 16.8391201 -122 5 4.7630401
37 25 16.8319200 -122 5 4.7504402
37 25 16.8250801 -122 5 4.7382002
37 25 16.8178800 -122 5 4.7255998
37 25 16.8106801 -122 5 4.7129999
37 25 16.8038401 -122 5 4.7004000
37 25 16.7966400 -122 5 4.6878001
37 25 16.7898000 -122 5 4.6752002
37 25 16.7829600 -122 5 4.6625999
37 25 16.7761200 -122 5 4.6500000
37 25 16.7692800 -122 5 4.6370402
37 25 16.7624400 -122 5 4.6244398
37 25 16.7559601 -122 5 4.6114800
37 25 16.7491200 -122 5 4.5985198
37 25 16.7426400 -122 5 4.5859198
37 25 16.7358001 -122 5 4.5729601
37 25 16.7293200 -122 5 4.5599998
37 25 16.7228400 -122 5 4.5470400
37 25 16.7163600 -122 5 4.5337199
37 25 16.7098801 -122 5 4.5207601
37 25 16.7037601 -122 5 4.5077998
37 25 16.6972800 -122 5 4.4944802
37 25 16.6911600 -122 5 4.4815199
37 25 16.6846800 -122 5 4.4681998
37 25 16.6785599 -122 5 4.4548801
37 25 16.6724401 -122 5 4.4419198
37 25 16.6663200 -122 5 4.4286002
37 25 16.6601999 -122 5 4.4152800
37 25 16.6540801 -122 5 4.4019599
37 25 16.6483200 -122 5 4.3882798
37 25 16.6422001 -122 5 4.3749602
37 25 16.6364400 -122 5 4.3616400
37 25 16.6306801 -122 5 4.3479600
37 25 16.6249200 -122 5 4.3346398
37 25 16.6191601 -122 5 4.3209598
37 25 16.6133999 -122 5 4.3076401
37 25 16.6076401 -122 5 4.2939601
37 25 16.6022400 -122 5 4.2802800
37 25 16.5964799 -122 5 4.2666000
37 25 16.5910800 -122 5 4.2529200
37 25 16.5856801 -122 5 4.2392399
37 25 16.5799200 -122 5 4.2255599
37 25 16.5745200 -122 5 4.2115200
37 25 16.5694801 -122 5 4.1978399
37 25 16.5640799 -122 5 4.1841599
37 25 16.5586799 -122 5 4.1701200
37 25 16.5536399 -122 5 4.1564399
37 25 16.5486001 -122 5 4.1424000
37 25 16.5432001 -122 5 4.1283601
37 25 16.5381601 -122 5 4.1146800
37 25 16.5331200 -122 5 4.1006401
37 25 16.5284401 -122 5 4.0866002
37 25 16.5234000 -122 5 4.0725598
37 25 16.5183601 -122 5 4.0585198
37 25 16.5136800 -122 5 4.0444799
37 25 16.5090001 -122 5 4.0300801
37 25 16.5043200 -122 5 4.0160402
37 25 16.4996400 -122 5 4.0020002
37 25 16.4949600 -122 5 3.9875999
37 25 16.4902800 -122 5 3.9735600
37 25 16.4856000 -122 5 3.9591602
37 25 16.4812800 -122 5 3.9451202
37 25 16.4769601 -122 5 3.9307199
37 25 16.4722801 -122 5 3.9163201
37 25 16.4679600 -122 5 3.9019198
37 25 16.4636401 -122 5 3.8875200
37 25 16.4593200 -122 5 3.8734800
37 25 16.4553601 -122 5 3.8590802
37 25 16.4510401 -122 5 3.8443200
37 25 16.4470801 -122 5 3.8299202
37 25 16.4431201 -122 5 3.8155199
37 25 16.4388000 -122 5 3.8011200
37 25 16.4348400 -122 5 3.7867202
37 25 16.4308800 -122 5 3.7719600
37 25 16.4272801 -122 5 3.7575602
37 25 16.4233201 -122 5 3.7428000
37 25 16.4197200 -122 5 3.7284001
37 25 16.4157600 -122 5 3.7136399
37 25 16.4121601 -122 5 3.6992401
37 25 16.4085600 -122 5 3.6844799
37 25 16.4049600 -122 5 3.6697202
37 25 16.4013601 -122 5 3.6549600
37 25 16.3981200 -122 5 3.6405601
37 25 16.3945200 -122 5 3.6257999
37 25 16.3912800 -122 5 3.6110401
37 25 16.3876801 -122 5 3.5962799
37 25 16.3844401 -122 5 3.5815202
37 25 16.3812001 -122 5 3.5667600
37 25 16.3783199 -122 5 3.5516399
37 25 16.3750801 -122 5 3.5368801
37 25 16.3718401 -122 5 3.5221199
37 25 16.3689600 -122 5 3.5073602
37 25 16.3660801 -122 5 3.4922401
37 25 16.3628401 -122 5 3.4774798
37 25 16.3599600 -122 5 3.4627201
37 25 16.3574399 -122 5 3.4476000
37 25 16.3545601 -122 5 3.4328402
37 25 16.3516801 -122 5 3.4177201
37 25 16.3491599 -122 5 3.4029599
37 25 16.3462800 -122 5 3.3878398
37 25 16.3437599 -122 5 3.3727201
37 25 16.3412400 -122 5 3.3579599
37 25 16.3387200 -122 5 3.3428402
37 25 16.3365600 -122 5 3.3277201
37 25 16.3340400 -122 5 3.3126000
37 25 16.3315201 -122 5 3.2978402
37 25 16.3293599 -122 5 3.2827201
37 25 16.3272000 -122 5 3.2675999
37 25 16.3250401 -122 5 3.2524798
37 25 16.3228800 -122 5 3.2373601
37 25 16.3207201 -122 5 3.2222400
37 25 16.3189201 -122 5 3.2071198
37 25 16.3167600 -122 5 3.1920002
37 25 16.3149600 -122 5 3.1768800
37 25 16.3128001 -122 5 3.1617599
37 25 16.3109999 -122 5 3.1466402
37 25 16.3091999 -122 5 3.1315201
37 25 16.3077600 -122 5 3.1160400
37 25 16.3059600 -122 5 3.1009199
37 25 16.3041600 -122 5 3.0858002
37 25 16.3027200 -122 5 3.0706800
37 25 16.3012800 -122 5 3.0552000
37 25 16.2998400 -122 5 3.0400800
37 25 16.2983999 -122 5 3.0249601
37 25 16.2969601 -122 5 3.0098399
37 25 16.2955199 -122 5 2.9943599
37 25 16.2944400 -122 5 2.9792399
37 25 16.2930001 -122 5 2.9637599
37 25 16.2919199 -122 5 2.9486399
37 25 16.2908400 -122 5 2.9335200
37 25 16.2897600 -122 5 2.9180399
37 25 16.2886801 -122 5 2.9029200
37 25 16.2879600 -122 5 2.8874399
37 25 16.2868800 -122 5 2.8723199
37 25 16.2861600 -122 5 2.8568401
37 25 16.2850800 -122 5 2.8417199
37 25 16.2843599 -122 5 2.8262401
37 25 16.2836401 -122 5 2.8111201
37 25 16.2832800 -122 5 2.7956400
37 25 16.2825600 -122 5 2.7805200
37 25 16.2818401 -122 5 2.7650399
37 25 16.2814801 -122 5 2.7495601
37 25 16.2811200 -122 5 2.7344401
37 25 16.2807601 -122 5 2.7189600
37 25 16.2804000 -122 5 2.7038400
37 25 16.2800400 -122 5 2.6883599
37 25 16.2796800 -122 5 2.6732399
37 25 16.2796799 -122 5 2.6577600
37 25 16.2793200 -122 5 2.6422799
37 25 16.2793200 -122 5 2.6271599
37 25 16.2793200 -122 5 2.6116801
37 25 16.2793199 -122 5 2.5961999
37 25 16.2793200 -122 5 2.5810799
37 25 16.2793200 -122 5 2.5656001
37 25 16.2796799 -122 5 2.5504800
37 25 16.2796801 -122 5 2.5349999
37 25 16.2800401 -122 5 2.5198801
37 25 16.2804000 -122 5 2.5044000
37 25 16.2807601 -122 5 2.4889201
37 25 16.2811200 -122 5 2.4738000
37 25 16.2814799 -122 5 2.4583199
37 25 16.2822000 -122 5 2.4432001
37 25 16.2825601 -122 5 2.4277200
37 25 16.2832800 -122 5 2.4125999
37 25 16.2840000 -122 5 2.3971200
37 25 16.2847201 -122 5 2.3816401
37 25 16.2854400 -122 5 2.3665200
37 25 16.2865201 -122 5 2.3510401
37 25 16.2872400 -122 5 2.3359200
37 25 16.2883200 -122 5 2.3204401
37 25 16.2890401 -122 5 2.3053200
37 25 16.2901201 -122 5 2.2902000
37 25 16.2912000 -122 5 2.2747200
37 25 16.2922801 -122 5 2.2595999
37 25 16.2937200 -122 5 2.2441200
37 25 16.2948000 -122 5 2.2289999
37 25 16.2962399 -122 5 2.2138801
37 25 16.2973201 -122 5 2.1983999
37 25 16.2987600 -122 5 2.1832800
37 25 16.3002000 -122 5 2.1681599
37 25 16.3016401 -122 5 2.1526800
37 25 16.3034400 -122 5 2.1375601
37 25 16.3048801 -122 5 2.1224400
37 25 16.3066800 -122 5 2.1073199
37 25 16.3081201 -122 5 2.0918399
37 25 16.3099199 -122 5 2.0767201
37 25 16.3117200 -122 5 2.0615999
37 25 16.3135201 -122 5 2.0464801
37 25 16.3156801 -122 5 2.0313599
37 25 16.3174800 -122 5 2.0162401
37 25 16.3196400 -122 5 2.0011199
37 25 16.3214401 -122 5 1.9860000
37 25 16.3236001 -122 5 1.9708799
37 25 16.3257601 -122 5 1.9557600
37 25 16.3279199 -122 5 1.9406401
37 25 16.3300799 -122 5 1.9255200
37 25 16.3326001 -122 5 1.9104001
37 25 16.3347601 -122 5 1.8952799
37 25 16.3372801 -122 5 1.8805201
37 25 16.3398000 -122 5 1.8653999
37 25 16.3423200 -122 5 1.8502800
37 25 16.3448400 -122 5 1.8355200
37 25 16.3473599 -122 5 1.8204001
37 25 16.3498801 -122 5 1.8052799
37 25 16.3527600 -122 5 1.7905201
37 25 16.3556401 -122 5 1.7754001
37 25 16.3581601 -122 5 1.7606401
37 25 16.3610400 -122 5 1.7455199
37 25 16.3639201 -122 5 1.7307600
37 25 16.3671600 -122 5 1.7160000
37 25 16.3700401 -122 5 1.7008800
37 25 16.3729200 -122 5 1.6861199
37 25 16.3761601 -122 5 1.6713601
37 25 16.3794000 -122 5 1.6566000
37 25 16.3826400 -122 5 1.6418399
37 25 16.3858801 -122 5 1.6270800
37 25 16.3891201 -122 5 1.6119601
37 25 16.3923601 -122 5 1.5975601
37 25 16.3959601 -122 5 1.5827999
37 25 16.3991999 -122 5 1.5680401
37 25 16.4028000 -122 5 1.5532800
37 25 16.4064000 -122 5 1.5385201
37 25 16.4100000 -122 5 1.5237600
37 25 16.4136000 -122 5 1.5093599
37 25 16.4172000 -122 5 1.4946001
37 25 16.4207999 -122 5 1.4802001
37 25 16.4247601 -122 5 1.4654399
37 25 16.4287201 -122 5 1.4510401
37 25 16.4323201 -122 5 1.4362800
37 25 16.4362801 -122 5 1.4218799
37 25 16.4402401 -122 5 1.4074799
37 25 16.4445600 -122 5 1.3927200
37 25 16.4485200 -122 5 1.3783199
37 25 16.4524800 -122 5 1.3639199
37 25 16.4567999 -122 5 1.3495201
37 25 16.4611201 -122 5 1.3351200
37 25 16.4654400 -122 5 1.3207200
37 25 16.4697600 -122 5 1.3063199
37 25 16.4740801 -122 5 1.2919201
37 25 16.4783999 -122 5 1.2778799
37 25 16.4827201 -122 5 1.2634801
37 25 16.4873999 -122 5 1.2490800
37 25 16.4920801 -122 5 1.2350400
37 25 16.4964000 -122 5 1.2206399
37 25 16.5010800 -122 5 1.2066000
37 25 16.5057599 -122 5 1.1925600
37 25 16.5107999 -122 5 1.1781601
37 25 16.5154801 -122 5 1.1641199
37 25 16.5201600 -122 5 1.1500799
37 25 16.5251999 -122 5 1.1360399
37 25 16.5302400 -122 5 1.1219999
37 25 16.5349200 -122 5 1.1079599
37 25 16.5399600 -122 5 1.0939199
37 25 16.5453599 -122 5 1.0802400
37 25 16.5504000 -122 5 1.0662000
37 25 16.5554401 -122 5 1.0521600
37 25 16.5608400 -122 5 1.0384801
37 25 16.5658801 -122 5 1.0244401
37 25 16.5712800 -122 5 1.0107600
37 25 16.5766801 -122 5 0.9970800
37 25 16.5820801 -122 5 0.9830400
37 25 16.5874800 -122 5 0.9693600
37 25 16.5928801 -122 5 0.9556800
37 25 16.5986401 -122 5 0.9420000
37 25 16.6040400 -122 5 0.9283200
37 25 16.6098001 -122 5 0.9150000
37 25 16.6155601 -122 5 0.9013200
37 25 16.6209600 -122 5 0.8876401
37 25 16.6267201 -122 5 0.8743200
37 25 16.6328401 -122 5 0.8606400
37 25 16.6386000 -122 5 0.8473200
37 25 16.6443600 -122 5 0.8336400
37 25 16.6504800 -122 5 0.8203200
37 25 16.6562399 -122 5 0.8070000
37 25 16.6623600 -122 5 0.7936800
37 25 16.6684800 -122 5 0.7803599
37 25 16.6746000 -122 5 0.7670400
37 25 16.6807201 -122 5 0.7537200
37 25 16.6868400 -122 5 0.7407600
37 25 16.6933200 -122 5 0.7274400
37 25 16.6994400 -122 5 0.7141200
37 25 16.7059200 -122 5 0.7011600
37 25 16.7124001 -122 5 0.6882000
37 25 16.7188800 -122 5 0.6748800
37 25 16.7253601 -122 5 0.6619200
37 25 16.7318399 -122 5 0.6489600
37 25 16.7383200 -122 5 0.6360000
37 25 16.7448000 -122 5 0.6230399
37 25 16.7516401 -122 5 0.6104400
37 25 16.7581199 -122 5 0.5974801
37 25 16.7649601 -122 5 0.5845200
37 25 16.7718000 -122 5 0.5719199
37 25 16.7786400 -122 5 0.5593202
37 25 16.7854800 -122 5 0.5463601
37 25 16.7923201 -122 5 0.5337599
37 25 16.7991599 -122 5 0.5211600
37 25 16.8063601 -122 5 0.5085600
37 25 16.8132000 -122 5 0.4959598
37 25 16.8204001 -122 5 0.4837200
37 25 16.8276000 -122 5 0.4711200
37 25 16.8348000 -122 5 0.4585200
37 25 16.8420001 -122 5 0.4462802
37 25 16.8492000 -122 5 0.4340398
37 25 16.8564000 -122 5 0.4214401
37 25 16.8636000 -122 5 0.4092000
37 25 16.8711601 -122 5 0.3969599
37 25 16.8783599 -122 5 0.3847200
37 25 16.8859199 -122 5 0.3724801
37 25 16.8934800 -122 5 0.3606001
37 25 16.9010400 -122 5 0.3483600
37 25 16.9086001 -122 5 0.3364800
37 25 16.9161601 -122 5 0.3242398
37 25 16.9237200 -122 5 0.3123600
37 25 16.9312801 -122 5 0.3004800
37 25 16.9392001 -122 5 0.2886000
37 25 16.9467600 -122 5 0.2767199
37 25 16.9546800 -122 5 0.2648401
37 25 16.9626000 -122 5 0.2529601
37 25 16.9705199 -122 5 0.2414399
37 25 16.9784399 -122 5 0.2295599
37 25 16.9863601 -122 5 0.2180402
37 25 16.9942800 -122 5 0.2065200
37 25 17.0022001 -122 5 0.1950000
37 25 17.0104801 -122 5 0.1834801
37 25 17.0184000 -122 5 0.1719599
37 25 17.0266800 -122 5 0.1604402
37 25 17.0349601 -122 5 0.1489200
37 25 17.0432400 -122 5 0.1377601
37 25 17.0515201 -122 5 0.1266000
37 25 17.0598001 -122 5 0.1150800
37 25 17.0680800 -122 5 0.1039202
37 25 17.0763600 -122 5 0.0927598
37 25 17.0850000 -122 5 0.0815999
37 25 17.0932801 -122 5 0.0704401
37 25 17.1019200 -122 5 0.0596401
37 25 17.1102000 -122 5 0.0484800
37 25 17.1188401 -122 5 0.0376799
37 25 17.1274799 -122 5 0.0265201
37 25 17.1361201 -122 5 0.0157200
37 25 17.1447600 -122 5 0.0049200
37 25 17.1533999 -122 4 59.9941200
37 25 17.1624001 -122 4 59.9836801
37 25 17.1710400 -122 4 59.9728800
37 25 17.1796799 -122 4 59.9620800
37 25 17.1886801 -122 4 59.9516401
37 25 17.1976800 -122 4 59.9412001
37 25 17.2063201 -122 4 59.9307600
37 25 17.2153200 -122 4 59.9203201
37 25 17.2243199 -122 4 59.9098801
37 25 17.2333201 -122 4 59.8994399
37 25 17.2426800 -122 4 59.8890000
37 25 17.2516800 -122 4 59.8789199
37 25 17.2606799 -122 4 59.8684800
37 25 17.2700401 -122 4 59.8583999
37 25 17.2790399 -122 4 59.8483200
37 25 17.2884001 -122 4 59.8382399
37 25 17.2977601 -122 4 59.8281601
37 25 17.3067600 -122 4 59.8184399
37 25 17.3161199 -122 4 59.8083600
37 25 17.3254800 -122 4 59.7986400
37 25 17.3348400 -122 4 59.7889200
37 25 17.3445599 -122 4 59.7788401
37 25 17.3539200 -122 4 59.7691201
37 25 17.3632801 -122 4 59.7597600
37 25 17.3730001 -122 4 59.7500400
37 25 17.3823599 -122 4 59.7403200
37 25 17.3920800 -122 4 59.7309599
37 25 17.4018001 -122 4 59.7215999
37 25 17.4115200 -122 4 59.7118799
37 25 17.4208800 -122 4 59.7025200
37 25 17.4306000 -122 4 59.6931599
37 25 17.4406801 -122 4 59.6841601
37 25 17.4504000 -122 4 59.6747999
37 25 17.4601199 -122 4 59.6658001
37 25 17.4698400 -122 4 59.6564399
37 25 17.4799201 -122 4 59.6474401
37 25 17.4896400 -122 4 59.6384401
37 25 17.4997201 -122 4 59.6294400
37 25 17.5094399 -122 4 59.6208001
37 25 17.5195200 -122 4 59.6118000
37 25 17.5296000 -122 4 59.6031600
37 25 17.5396801 -122 4 59.5941600
37 25 17.5497600 -122 4 59.5855200
37 25 17.5598400 -122 4 59.5768800
37 25 17.5699201 -122 4 59.5682401
37 25 17.5800000 -122 4 59.5599600
37 25 17.5904400 -122 4 59.5513200
37 25 17.6005201 -122 4 59.5430399
37 25 17.6109600 -122 4 59.5343999
37 25 17.6210400 -122 4 59.5261200
37 25 17.6314800 -122 4 59.5178399
37 25 17.6419201 -122 4 59.5099199
37 25 17.6520000 -122 4 59.5016401
37 25 17.6624400 -122 4 59.4933599
37 25 17.6728801 -122 4 59.4854399
37 25 17.6833200 -122 4 59.4775201
37 25 17.6937600 -122 4 59.4695999
37 25 17.7042001 -122 4 59.4616801
37 25 17.7150001 -122 4 59.4537601
37 25 17.7254400 -122 4 59.4461999
37 25 17.7358800 -122 4 59.4382799
37 25 17.7466801 -122 4 59.4307200
37 25 17.7571200 -122 4 59.4231601
37 25 17.7679200 -122 4 59.4155999
37 25 17.7783601 -122 4 59.4080400
37 25 17.7891600 -122 4 59.4004801
37 25 17.7999600 -122 4 59.3932800
37 25 17.8107600 -122 4 59.3860799
37 25 17.8215601 -122 4 59.3785200
37 25 17.8323600 -122 4 59.3713199
37 25 17.8431600 -122 4 59.3644800
37 25 17.8539601 -122 4 59.3572799
37 25 17.8647600 -122 4 59.3500801
37 25 17.8755600 -122 4 59.3432399
37 25 17.8867200 -122 4 59.3363999
37 25 17.8975201 -122 4 59.3295599
37 25 17.9083200 -122 4 59.3227200
37 25 17.9194800 -122 4 59.3158800
37 25 17.9306400 -122 4 59.3090400
37 25 17.9414400 -122 4 59.3025599
37 25 17.9526000 -122 4 59.2960801
37 25 17.9637600 -122 4 59.2892401
37 25 17.9745600 -122 4 59.2831201
37 25 17.9857200 -122 4 59.2766400
37 25 17.9968800 -122 4 59.2701601
37 25 18.0080400 -122 4 59.2640401
37 25 18.0192000 -122 4 59.2575600
37 25 18.0303600 -122 4 59.2514400
37 25 18.0418801 -122 4 59.2453199
37 25 18.0530400 -122 4 59.2391999
37 25 18.0642000 -122 4 59.2334400
37 25 18.0753600 -122 4 59.2273200
37 25 18.0868800 -122 4 59.2215599
37 25 18.0980401 -122 4 59.2158000
37 25 18.1095601 -122 4 59.2100400
37 25 18.1207200 -122 4 59.2042799
37 25 18.1322400 -122 4 59.1985200
37 25 18.1434000 -122 4 59.1931200
37 25 18.1549200 -122 4 59.1877199
37 25 18.1664401 -122 4 59.1819600
37 25 18.1779600 -122 4 59.1765599
37 25 18.1894800 -122 4 59.1715200
37 25 18.2010001 -122 4 59.1661199
37 25 18.2121600 -122 4 59.1607199
37 25 18.2236800 -122 4 59.1556799
37 25 18.2355600 -122 4 59.1506400
37 25 18.2470800 -122 4 59.1456000
37 25 18.2586000 -122 4 59.1405601
37 25 18.2701200 -122 4 59.1358800
37 25 18.2816400 -122 4 59.1308401
37 25 18.2931601 -122 4 59.1261600
37 25 18.3050400 -122 4 59.1214801
37 25 18.3165600 -122 4 59.1168000
37 25 18.3284401 -122 4 59.1121199
37 25 18.3399600 -122 4 59.1074401
37 25 18.3518401 -122 4 59.1031201
37 25 18.3633600 -122 4 59.0987999
37 25 18.3752400 -122 4 59.0941200
37 25 18.3867600 -122 4 59.0898001
37 25 18.3986400 -122 4 59.0858399
37 25 18.4105200 -122 4 59.0815200
37 25 18.4220400 -122 4 59.0775601
37 25 18.4339200 -122 4 59.0732401
37 25 18.4458000 -122 4 59.0692800
37 25 18.4576800 -122 4 59.0653201
37 25 18.4695600 -122 4 59.0617201
37 25 18.4814400 -122 4 59.0577600
37 25 18.4933200 -122 4 59.0541599
37 25 18.5048400 -122 4 59.0505600
37 25 18.5170800 -122 4 59.0466000
37 25 18.5289600 -122 4 59.0433599
37 25 18.5408400 -122 4 59.0397599
37 25 18.5527200 -122 4 59.0361601
37 25 18.5646000 -122 4 59.0329200
37 25 18.5764800 -122 4 59.0296801
37 25 18.5883600 -122 4 59.0264399
37 25 18.6006000 -122 4 59.0232000
37 25 18.6124800 -122 4 59.0199601
37 25 18.6243600 -122 4 59.0170801
37 25 18.6362400 -122 4 59.0142000
37 25 18.6484800 -122 4 59.0109601
37 25 18.6603600 -122 4 59.0084399
37 25 18.6726000 -122 4 59.0055599
37 25 18.6844800 -122 4 59.0026801
37 25 18.6963600 -122 4 59.0001599
37 25 18.7086000 -122 4 58.9972801
37 25 18.7204800 -122 4 58.9947599
37 25 18.7327200 -122 4 58.9926001
37 25 18.7449600 -122 4 58.9900799
37 25 18.7568400 -122 4 58.9875600
37 25 18.7690800 -122 4 58.9853999
37 25 18.7809600 -122 4 58.9832401
37 25 18.7932000 -122 4 58.9810800
37 25 18.8054400 -122 4 58.9789200
37 25 18.8173200 -122 4 58.9767599
37 25 18.8295600 -122 4 58.9749599
37 25 18.8418000 -122 4 58.9728001
37 25 18.8536800 -122 4 58.9709999
37 25 18.8659200 -122 4 58.9691999
37 25 18.8781600 -122 4 58.9677601
37 25 18.8904000 -122 4 58.9659599
37 25 18.9026400 -122 4 58.9641599
37 25 18.9145200 -122 4 58.9627201
37 25 18.9267600 -122 4 58.9612800
37 25 18.9390000 -122 4 58.9598399
37 25 18.9512400 -122 4 58.9587599
37 25 18.9634800 -122 4 58.9573201
37 25 18.9757200 -122 4 58.9562401
37 25 18.9876000 -122 4 58.9551599
37 25 18.9998400 -122 4 58.9540799
37 25 19.0120800 -122 4 58.9529999
37 25 19.0243200 -122 4 58.9519199
37 25 19.0365600 -122 4 58.9512001
37 25 19.0488000 -122 4 58.9501201
37 25 19.0610400 -122 4 58.9494000
37 25 19.0732800 -122 4 58.9486801
37 25 19.0855200 -122 4 58.9483201
37 25 19.0977600 -122 4 58.9476000
37 25 19.1100000 -122 4 58.9472400
37 25 19.1222400 -122 4 58.9465199
37 25 19.1344800 -122 4 58.9461599
37 25 19.1467200 -122 4 58.9457999
37 25 19.1712000 -122 4 58.9454400
